courier_id,wave_index,tracking_id,courier_wave_start_lng,courier_wave_start_lat,action_type,expect_time
100002543,0,2100076281373656834,121.640556,39.142024,PICKUP,1583293469
100002652,0,2100076289792771986,121.56563,39.150311,PICKUP,1583295341
100002652,4,2100076336957752781,121.563489,39.152372,PICKUP,1583320875
100023698,0,2100076274470520389,121.374013,39.135565,DELIVERY,1583291909
100023698,2,2100076297848325541,121.374266,39.135489,DELIVERY,1583298028
100069773,2,2100076322546124449,121.555296,39.177476,PICKUP,1583315668
100069773,4,2100076340048823689,121.563567,39.184024,PICKUP,1583321155
10007871,0,2100076291476456588,121.630705,39.142443,PICKUP,1583296399
100084429,4,2100076328335574244,121.249054,38.954223,PICKUP,1583316909
10012508,2,2100076289189054362,121.525847,39.292066,PICKUP,1583295525
100149376,0,2100076269520192997,121.446395,39.210748,PICKUP,1583289305
100166169,0,2100076276531889738,121.5487,39.157852,PICKUP,1583292419
100166169,2,2100076317122167994,121.568513,39.153696,PICKUP,1583312911
100166169,4,2100076332179654279,121.580283,39.147767,PICKUP,1583318835
100166267,0,2100076270761182267,121.418806,39.198007,PICKUP,1583292433
100170616,0,2100076285082011324,121.472617,39.199445,PICKUP,1583294473
100170616,2,2100076315633485228,121.4791,39.19977,PICKUP,1583311060
100177162,0,2100076277462238912,121.60668,39.118479,PICKUP,1583292055
100177162,4,2100076331013310154,121.60492,39.117973,PICKUP,1583318620
10021791,2,2100076285492626581,121.445877,39.218991,DELIVERY,1583294106
100240426,0,2100076288528319751,121.445346,38.948719,PICKUP,1583294664
10038661,0,2100076278731638510,121.420701,39.2512,PICKUP,1583292578
10039046,0,2100076264478278807,121.425201,39.252415,PICKUP,1583282662
10039046,2,2100076290839086470,121.424666,39.246848,PICKUP,1583296410
100429202,4,2100076329680275133,121.366366,39.135529,PICKUP,1583317782
10043299,0,2100076293414455164,121.594481,39.215406,DELIVERY,1583297262
10043299,2,2100076286716610521,121.582726,39.215876,DELIVERY,1583301142
10043801,0,2100076281429395323,121.44883,39.115431,PICKUP,1583293106
10043801,2,2100076313735300840,121.449191,39.115497,PICKUP,1583310015
10043801,6,2100076345106794141,121.460339,39.131832,PICKUP,1583328125
10063068,0,2100076280597316877,121.487781,39.06854,PICKUP,1583292777
10063192,0,2100076284407153814,121.480617,39.068492,PICKUP,1583293588
100681730,0,2100076278762014023,121.597064,39.133471,PICKUP,1583293929
10075573,0,2100076281445483992,121.541775,39.133056,PICKUP,1583292327
10081729,0,2100076268506088740,121.532167,39.153424,PICKUP,1583288226
10081729,2,2100076287871976971,121.533958,39.165864,PICKUP,1583294728
10083928,0,2100076263613072919,121.595411,39.207263,PICKUP,1583282111
10083928,6,2100076302525925105,121.594691,39.207154,DELIVERY,1583301132
10100267,0,2100076278924248609,121.417987,39.260477,PICKUP,1583292659
10102738,0,2100076280388191250,121.223571,39.129312,PICKUP,1583292486
10102738,2,2100076305978656366,121.235921,39.122562,PICKUP,1583302549
101147106,2,2100076304023619433,121.438629,39.186378,DELIVERY,1583301835
101147106,6,2100076334290569194,121.428634,39.183585,PICKUP,1583319521
101166018,0,2100076272804333388,121.484677,39.070883,PICKUP,1583291826
101180274,0,2100076265834841337,121.407327,39.079705,PICKUP,1583285343
10120267,6,2100076339474302588,121.428071,39.197909,PICKUP,1583321918
10123801,0,2100076283678295179,121.478198,39.071418,PICKUP,1583292834
101266154,0,2100076285236216955,121.380591,39.130802,PICKUP,1583295010
10126649,0,2100076263748404662,121.687367,39.140674,PICKUP,1583280554
10126649,2,2100076268870206902,121.687476,39.140702,DELIVERY,1583289884
10126649,4,2100076297544107446,121.687787,39.14082,PICKUP,1583298263
10126649,6,2100076310808659382,121.6876,39.140698,PICKUP,1583308690
10126649,8,2100076332522309046,121.687583,39.140767,PICKUP,1583318480
10138087,0,2100076273190241916,121.426964,39.197892,PICKUP,1583290737
101393874,2,2100076339478824776,121.568514,39.149925,PICKUP,1583321867
10148788,2,2100076283574879683,121.466476,39.211069,PICKUP,1583294119
10164305,0,2100076285207479556,121.59351,39.111561,PICKUP,1583295284
10181667,0,2100076264648573977,121.421765,39.153176,DELIVERY,1583287678
10183602,0,2100076275671139731,121.766468,39.347749,PICKUP,1583293317
10183941,4,2100076291440936570,121.573378,39.111058,PICKUP,1583299835
10190566,0,2100076278425585228,121.441676,39.005132,PICKUP,1583293432
101914266,0,2100076264314439138,121.622819,39.134274,PICKUP,1583284841
101915922,0,2100076262151521773,121.688068,39.286945,PICKUP,1583285312
101915922,2,2100076302455178952,121.701416,39.277162,PICKUP,1583300919
101915922,4,2100076315513456609,121.679266,39.274563,PICKUP,1583311393
101915922,6,2100076336920823332,121.66986,39.274246,DELIVERY,1583323487
101928706,0,2100076284438021592,121.605669,39.118506,DELIVERY,1583294265
101928706,4,2100076325714986680,121.605626,39.118319,PICKUP,1583315827
10194017,2,2100076283528841087,121.445872,39.155871,PICKUP,1583293038
10194307,0,2100076274099455556,121.595135,39.215915,DELIVERY,1583292801
101943338,2,2100076271271019753,121.675565,39.271262,DELIVERY,1583289633
10194640,0,2100076275950880138,121.427843,39.196002,PICKUP,1583293968
10199051,0,2100076289438582180,121.466629,39.095049,PICKUP,1583294536
101992442,0,2100076278654174667,121.485285,39.132257,PICKUP,1583293434
102010482,0,2100076287702926407,121.772337,39.401069,PICKUP,1583294425
102039482,0,2100076293226333368,121.568546,39.149591,PICKUP,1583296322
102054458,0,2100076293583275897,121.628293,39.127044,PICKUP,1583297084
102064138,4,2100076282508903875,121.43384,39.210027,DELIVERY,1583294492
10208063,0,2100076270306100406,121.486562,39.024292,PICKUP,1583288456
10210023,0,2100076184516364218,121.588863,39.20672,PICKUP,1583291423
102117082,0,2100076273857202027,121.461171,39.28396,PICKUP,1583290462
10215664,0,2100076324146317265,121.431625,39.198705,PICKUP,1583315362
10215664,2,2100076341260846243,121.432982,39.203128,PICKUP,1583323224
10219599,2,2100076276339115643,121.585865,39.108105,PICKUP,1583295634
10219599,6,2100076334384580300,121.562383,39.111212,PICKUP,1583319825
102246634,0,2100076279985702574,121.352692,39.441745,PICKUP,1583293162
10232315,0,2100076266065725023,121.424087,39.197222,PICKUP,1583284927
10232315,2,2100076275062342718,121.42809,39.197199,PICKUP,1583292229
10232969,0,2100076262669584059,121.466949,39.095115,PICKUP,1583284514
10232969,2,2100076285291726489,121.466769,39.095007,PICKUP,1583293953
10232969,4,2100076328858453158,121.477457,39.089601,PICKUP,1583316788
102333794,0,2100076271498659405,121.348271,39.425339,DELIVERY,1583291941
102358466,2,2100076273782982447,121.544049,39.06323,PICKUP,1583291641
10239433,0,2100076274772412178,121.443622,38.967287,PICKUP,1583291291
102449370,0,2100076273575167485,121.68595,39.227532,DELIVERY,1583290605
10248665,0,2100076283307459798,121.420481,39.141667,PICKUP,1583293741
10249075,8,2100076325439309818,121.575857,39.105182,PICKUP,1583316094
102499938,0,2100076266076571135,121.529167,39.250804,PICKUP,1583284314
102503626,0,2100076292874307005,121.594828,39.126681,PICKUP,1583296313
102503626,6,2100076328740226949,121.592315,39.126511,PICKUP,1583317477
102505130,0,2100076270613497783,121.530796,39.249252,PICKUP,1583289696
102505130,2,2100076289502152083,121.552964,39.252927,PICKUP,1583295800
102505130,4,2100076300460688656,121.542554,39.252023,DELIVERY,1583300489
102505130,8,2100076326117050295,121.531126,39.249267,PICKUP,1583317409
102505146,0,2100076262761399759,121.531763,39.250823,PICKUP,1583286417
102505146,2,2100076290847246136,121.530517,39.249601,PICKUP,1583295853
102505842,0,2100076324752819798,121.605417,39.17948,DELIVERY,1583316251
102693874,0,2100076273125983808,121.595371,39.207437,DELIVERY,1583292015
10271563,0,2100076282316424505,121.496881,39.059594,DELIVERY,1583293385
10272985,0,2100076282924336548,121.466206,39.107076,DELIVERY,1583294489
102748698,0,2100076267723753108,121.570059,39.132706,DELIVERY,1583286988
102748698,2,2100076310774646420,121.569978,39.132259,DELIVERY,1583307593
10277311,0,2100076288347211750,121.547635,39.201093,DELIVERY,1583294880
10278337,0,2100076279383491961,121.560508,39.190045,PICKUP,1583293147
10278337,2,2100076307259065778,121.560759,39.190054,DELIVERY,1583306714
10278503,0,2100076269337479065,121.631245,39.136656,PICKUP,1583287842
10282135,2,2100076279401023202,121.468204,39.175654,PICKUP,1583292897
10282591,0,2100076267139728657,121.537089,39.212666,PICKUP,1583286621
10282591,4,2100076320866010770,121.5346,39.212159,PICKUP,1583314570
10282591,6,2100076335066089100,121.537509,39.211696,DELIVERY,1583320511
102895674,2,2100076291501721061,121.450279,39.217053,PICKUP,1583296404
102895674,4,2100076318890297145,121.453104,39.210538,PICKUP,1583314805
10289729,0,2100076273626121559,121.45846,39.125653,PICKUP,1583293316
102938282,0,2100076282423642070,121.447285,39.297587,PICKUP,1583292903
10298963,2,2100076290052917175,121.539218,39.250485,PICKUP,1583297182
10298963,6,2100076325153474229,121.535366,39.259527,PICKUP,1583315458
103006362,0,2100076263510148485,121.5225,39.179169,PICKUP,1583281500
10303438,2,2100076332559467722,121.454985,39.183215,PICKUP,1583318091
103040946,2,2100076287519327332,121.485298,39.162795,DELIVERY,1583295181
10304094,0,2100076263063062326,121.505213,39.189696,PICKUP,1583284445
10304094,2,2100076283619181694,121.495484,39.177655,PICKUP,1583293268
10304094,6,2100076331621746320,121.492114,39.174756,DELIVERY,1583318453
10306647,0,2100076283236911052,121.526958,39.07951,PICKUP,1583293337
10313234,0,2100076268795102479,121.522239,39.18121,PICKUP,1583292402
10313234,2,2100076322835203589,121.517335,39.181833,PICKUP,1583314753
103133802,0,2100076280218257258,121.755699,39.351772,PICKUP,1583293119
103133802,2,2100076326842402770,121.775002,39.340805,PICKUP,1583316924
103135370,0,2100076287957304940,121.416158,39.164583,PICKUP,1583295025
103155394,2,2100076287832917127,121.491408,39.249814,PICKUP,1583295995
103190418,0,2100076266639787037,121.663041,38.979672,PICKUP,1583286174
103191818,0,2100076282915784138,121.534533,39.26053,PICKUP,1583294272
10319201,0,2100076289276380695,121.756454,39.11279,PICKUP,1583295056
10319692,0,2100076278511306496,121.310171,39.143121,PICKUP,1583292092
10321101,0,2100076283773061062,121.707731,39.266748,PICKUP,1583293320
103216602,0,2100076278728525301,121.764967,39.346153,PICKUP,1583292078
10322363,0,2100076266738550433,121.557313,39.178912,PICKUP,1583285580
10322363,2,2100076286009116103,121.55827,39.16918,PICKUP,1583293821
10325553,0,2100076278118253854,121.459644,39.155171,DELIVERY,1583292594
10325553,2,2100076322122761602,121.459949,39.153864,PICKUP,1583313302
10328045,0,2100076263398508245,121.503309,39.198032,PICKUP,1583280092
10328045,2,2100076273479354069,121.503006,39.198272,PICKUP,1583290924
10334732,0,2100076283930379314,121.707156,39.161394,PICKUP,1583296039
10335674,0,2100076281257035522,121.551919,39.075402,PICKUP,1583295278
10335674,2,2100076312640685107,121.537442,39.071049,PICKUP,1583308150
10335674,4,2100076328077133361,121.549824,39.063758,PICKUP,1583317427
103384498,0,2100076262685836351,121.402209,39.176862,DELIVERY,1583283252
103404602,0,2100076287245878672,121.3599,39.122021,PICKUP,1583295358
103404602,6,2100076336434579252,121.343017,39.114628,PICKUP,1583319458
10344320,0,2100076278451537382,121.484825,39.164503,PICKUP,1583291827
103493258,0,2100076278180217972,121.483371,39.083086,PICKUP,1583291839
103493258,4,2100076326502205330,121.463725,39.091804,PICKUP,1583316744
103530058,0,2100076271843051506,121.482494,39.069,PICKUP,1583295309
10354617,0,2100076263340050122,121.541607,39.172344,PICKUP,1583285446
10354617,2,2100076287239915121,121.546859,39.17779,PICKUP,1583294217
10354617,8,2100076325729863376,121.558696,39.181586,PICKUP,1583316013
10361752,2,2100076287084561868,121.299546,39.128859,PICKUP,1583294144
10363032,0,2100076264718926934,121.518215,39.189111,PICKUP,1583281135
10364589,0,2100076271780890618,121.575127,39.103619,PICKUP,1583292622
10365330,0,2100076263606486016,121.712967,39.144011,PICKUP,1583286264
10366255,0,2100076272201205156,121.473839,39.106636,PICKUP,1583290968
103679442,0,2100076278866216073,121.484741,39.16451,PICKUP,1583292874
10370848,0,2100076290730756091,121.454358,39.256636,PICKUP,1583295212
10377583,4,2100076332655117935,121.683611,39.029485,PICKUP,1583318486
10381846,0,2100076284788770325,121.231894,39.130826,PICKUP,1583293400
10381846,2,2100076318155080830,121.223837,39.129311,PICKUP,1583312570
10386183,0,2100076283792884869,121.485142,39.168443,PICKUP,1583294034
10392452,2,2100076284226701117,121.492492,39.169288,PICKUP,1583294480
10392454,0,2100076272019015231,121.484251,39.164497,PICKUP,1583290535
10392454,2,2100076287833966054,121.48471,39.16721,DELIVERY,1583295645
10392466,0,2100076264676984581,121.491753,39.158548,PICKUP,1583280868
10392466,2,2100076293439030372,121.484754,39.164285,PICKUP,1583297052
10404691,0,2100076279933600895,121.443504,39.185031,PICKUP,1583293469
10405101,2,2100076320372098399,121.248434,38.948689,PICKUP,1583314822
10408117,6,2100076338486642613,121.582005,39.109461,PICKUP,1583320779
10413087,2,2100076287751980595,121.738931,39.124054,PICKUP,1583294835
10413087,4,2100076321659258069,121.765404,39.123348,PICKUP,1583316928
10415210,0,2100076285456123269,121.531281,39.114988,PICKUP,1583294549
10415210,2,2100076303141275247,121.527359,39.118007,DELIVERY,1583302627
10415210,4,2100076327724090689,121.539044,39.115132,DELIVERY,1583316696
10416907,0,2100076272776938701,121.446307,39.297853,PICKUP,1583293278
10416907,6,2100076324945266536,121.448193,39.288383,PICKUP,1583317192
10417888,0,2100076272332015078,121.484532,39.164971,PICKUP,1583290213
10429097,0,2100076342750316089,121.471288,39.291072,PICKUP,1583324226
10443328,0,2100076263871907447,121.603899,39.177304,PICKUP,1583283464
10457899,0,2100076277243676187,121.750617,39.532966,PICKUP,1583292376
10457899,2,2100076301791397044,121.750869,39.532551,PICKUP,1583300652
104583538,0,2100076262606866257,121.495426,39.158556,DELIVERY,1583281631
10459881,0,2100076282120275673,121.751017,39.120364,PICKUP,1583292391
10466684,0,2100076286657561690,121.401295,39.176839,PICKUP,1583295474
10469547,2,2100076297639626250,121.569145,39.090763,PICKUP,1583298316
10469547,4,2100076320067651469,121.580884,39.09764,PICKUP,1583312703
10470630,6,2100076325026497620,121.522853,39.29204,PICKUP,1583315393
10476665,0,2100076252465596086,121.771842,39.095644,PICKUP,1583282290
10476665,2,2100076268750079642,121.756958,39.112149,DELIVERY,1583288949
10478035,0,2100076266728982229,121.503237,39.194895,PICKUP,1583286660
10487413,0,2100076282294109366,121.528367,39.277019,PICKUP,1583293636
10487413,4,2100076331552572569,121.527729,39.277159,PICKUP,1583318184
10487413,6,2100076342385345861,121.521496,39.272036,PICKUP,1583323809
10488513,0,2100076278777414738,121.440346,39.102343,PICKUP,1583291695
10488513,4,2100076325225923826,121.468367,39.095673,DELIVERY,1583317098
10489414,0,2100076288828049181,121.484143,39.052592,PICKUP,1583295306
10489414,2,2100076338126063231,121.500203,39.061312,PICKUP,1583320585
10492242,0,2100076257397114875,121.502477,39.180899,PICKUP,1583283682
10492242,2,2100076283484112015,121.524283,39.18388,DELIVERY,1583294479
10492242,8,2100076331527177250,121.495835,39.185731,PICKUP,1583317904
104989810,2,2100076315259996108,121.801952,39.109672,PICKUP,1583310408
104989810,4,2100076334841562643,121.789326,39.12595,PICKUP,1583318968
10499607,0,2100076281188845034,121.55852,39.174028,PICKUP,1583292751
10515102,2,2100076294628869496,121.519291,39.141499,PICKUP,1583297041
10515576,0,2100076275327108261,121.59507,39.136957,PICKUP,1583292353
10515576,2,2100076304981034826,121.617877,39.133779,PICKUP,1583301857
10518924,0,2100076302720861935,121.46788,39.078532,PICKUP,1583299842
105226074,2,2100076282483541629,121.478615,39.199715,PICKUP,1583294079
105233010,0,2100076298313630985,121.526058,39.133117,PICKUP,1583298660
105276506,0,2100076264843675126,121.499283,39.168809,PICKUP,1583282326
10531988,0,2100076275673237231,121.40588,39.052199,PICKUP,1583291421
10531988,4,2100076331711071981,121.434033,39.065586,PICKUP,1583317975
10534600,0,2100076281217516771,121.506681,39.186125,PICKUP,1583292457
10542153,0,2100076272488547665,121.572789,39.135478,PICKUP,1583291963
10548486,4,2100076334686275061,121.509928,39.162487,PICKUP,1583320021
105626402,0,2100076286672405783,121.813471,39.135723,PICKUP,1583293715
105626402,2,2100076312532648968,121.813792,39.135882,PICKUP,1583307531
105676642,2,2100076337274783059,121.680769,39.292648,PICKUP,1583322213
10572923,0,2100076284937307751,121.523697,39.114316,PICKUP,1583294255
10573369,0,2100076266218227087,121.419483,39.199429,PICKUP,1583291357
10579286,0,2100076265450767937,121.546569,39.083598,PICKUP,1583287834
10582930,0,2100076267070949300,121.437762,39.169508,PICKUP,1583285039
10583026,0,2100076275846906939,121.308078,39.026471,PICKUP,1583291350
10583026,2,2100076327832224795,121.277154,39.028226,PICKUP,1583317319
10584671,0,2100076281380832453,121.775118,39.099339,PICKUP,1583293064
10591853,0,2100076272450078133,121.428419,39.196051,PICKUP,1583291231
10593238,2,2100076329318975233,121.380336,39.135582,PICKUP,1583317283
105974626,0,2100076287906055483,121.574343,39.136175,PICKUP,1583295024
10601332,0,2100076293607753325,121.537396,39.197327,PICKUP,1583296280
106108922,0,2100076286782015061,121.592661,39.204648,PICKUP,1583294351
10614152,0,2100076262092801792,121.494605,39.198348,PICKUP,1583287626
106164450,0,2100076280840160757,121.465428,39.158853,PICKUP,1583292486
106164450,4,2100076324497589586,121.466362,39.176105,PICKUP,1583315888
10617582,0,2100076289422230771,121.768776,39.343659,PICKUP,1583295424
10619850,2,2100076296394934118,121.435515,39.012118,DELIVERY,1583298292
10619850,4,2100076307917801074,121.453569,39.010151,PICKUP,1583306892
106205842,0,2100076263448380912,121.403043,39.052812,DELIVERY,1583281449
106205842,4,2100076302218397168,121.403022,39.052812,DELIVERY,1583303325
106205842,6,2100076330802447856,121.402996,39.052745,DELIVERY,1583319460
106205842,8,2100076339179587056,121.403055,39.052749,DELIVERY,1583324141
106246218,0,2100076269529368238,121.657678,39.305855,PICKUP,1583289543
106246218,2,2100076306155767002,121.657787,39.317802,PICKUP,1583303943
106246218,4,2100076320100910780,121.657535,39.317561,PICKUP,1583313573
10626566,0,2100076278802581038,121.450263,39.210003,PICKUP,1583292647
10626566,8,2100076340762772869,121.447075,39.21063,PICKUP,1583322316
106277138,0,2100076290874050466,121.612174,39.189139,PICKUP,1583296379
10636336,0,2100076275386582207,121.424372,39.245744,DELIVERY,1583292389
106364250,2,2100076330472473693,121.700399,39.142673,PICKUP,1583317711
10638398,0,2100076175950120527,121.614645,39.156744,PICKUP,1583287179
10638398,4,2100076343368353359,121.614215,39.15634,PICKUP,1583325178
10642055,0,2100076286335223385,121.544854,39.135059,PICKUP,1583293644
10642060,0,2100076275835667715,121.529927,39.158813,PICKUP,1583291382
10642060,2,2100076301714949412,121.546961,39.159333,PICKUP,1583299804
10642060,4,2100076318732355208,121.520056,39.161762,PICKUP,1583313592
10643621,0,2100076281246549142,121.414459,39.368481,DELIVERY,1583294441
10645907,2,2100076289982432516,121.432942,39.293371,PICKUP,1583295029
10645907,6,2100076324647602107,121.450015,39.297768,PICKUP,1583316069
10645907,8,2100076339409192859,121.42566,39.302699,PICKUP,1583321997
10649045,0,2100076304658564283,121.574278,39.128207,PICKUP,1583304150
10650683,0,2100076256851624983,121.533725,39.199881,PICKUP,1583284791
10656566,0,2100076267698652470,121.478518,39.250093,DELIVERY,1583286017
10656566,6,2100076336557753436,121.458387,39.252661,PICKUP,1583320602
106581010,0,2100076278463169744,121.617255,39.133913,PICKUP,1583292054
10659886,0,2100076278072739727,121.209188,39.161619,PICKUP,1583292835
10659886,2,2100076311819355816,121.226408,39.149493,PICKUP,1583309224
10659886,4,2100076323332326647,121.226097,39.151784,PICKUP,1583315086
10660150,0,2100076283822179402,121.622197,39.224118,DELIVERY,1583294347
106623778,0,2100076287514575900,121.687181,39.297156,PICKUP,1583294990
106623778,2,2100076333313557633,121.68856,39.282292,PICKUP,1583318540
10664091,0,2100076273440720821,121.529008,39.144097,PICKUP,1583290802
10664583,0,2100076280068671135,122.242668,39.368353,PICKUP,1583293528
10670465,0,2100076281114134366,121.501168,39.110755,PICKUP,1583294255
10670465,2,2100076324655335262,121.487621,39.129081,PICKUP,1583314500
10671039,0,2100076284708521847,121.418804,39.200571,DELIVERY,1583294229
10671104,0,2100076264015922672,121.403023,39.05261,DELIVERY,1583281016
10671104,2,2100076268227331568,121.403041,39.052654,DELIVERY,1583289530
10671104,4,2100076301030655472,121.402969,39.052691,DELIVERY,1583303433
10671104,6,2100076320967001584,121.403017,39.052771,DELIVERY,1583315740
10681905,2,2100076292155606109,121.553659,39.139554,PICKUP,1583296578
10696204,0,2100076285119465186,121.530154,39.134477,PICKUP,1583294348
10697343,0,2100076284159198590,121.428368,39.19688,PICKUP,1583294492
10700099,0,2100076272671589913,121.570569,39.123338,PICKUP,1583293206
107045802,2,2100076325875090528,121.603153,39.188405,PICKUP,1583317575
10711180,0,2100076269921141844,121.522315,39.29237,PICKUP,1583289420
10711180,2,2100076284642329944,121.526219,39.281506,PICKUP,1583294043
10711180,8,2100076331067639608,121.52588,39.292207,PICKUP,1583318896
10711258,0,2100076271406515384,121.550572,39.147337,DELIVERY,1583291028
10712014,2,2100076292024796217,121.42258,39.152177,PICKUP,1583296087
10712014,4,2100076312100570719,121.442664,39.156547,PICKUP,1583310619
10712195,2,2100076329666316065,121.54706,39.20213,DELIVERY,1583318095
107130514,0,2100076276908165045,121.223801,39.129248,PICKUP,1583292622
107130514,6,2100076336181413009,121.226992,39.107447,PICKUP,1583319599
10717922,0,2100076264550302796,121.460198,39.251183,PICKUP,1583283259
10719665,6,2100076334026360342,121.353444,39.430913,PICKUP,1583319014
10720158,0,2100076270243317343,121.418948,39.159367,PICKUP,1583288651
10720158,2,2100076309143651948,121.416288,39.152549,DELIVERY,1583307600
10721724,0,2100076295844431454,121.424484,39.091464,PICKUP,1583296915
10724729,0,2100076267545069247,121.432548,39.062645,DELIVERY,1583289552
10724729,2,2100076329661892279,121.433831,39.065885,PICKUP,1583317685
10731534,0,2100076283863565719,121.351008,39.428337,PICKUP,1583294466
10731534,2,2100076318436984793,121.363162,39.439163,DELIVERY,1583312036
10742004,0,2100076280396514964,121.486627,39.126424,DELIVERY,1583293865
10742004,2,2100076324176659631,121.476664,39.125131,PICKUP,1583316289
10747277,2,2100076294800377111,121.565834,39.170539,PICKUP,1583298627
107476610,2,2100076333037586382,121.818039,39.169733,PICKUP,1583318816
10748334,0,2100076285135521287,121.712226,39.36177,PICKUP,1583293965
10748345,2,2100076279922886260,121.473588,39.116936,PICKUP,1583293337
10751154,0,2100076291810232076,121.676228,38.966999,DELIVERY,1583295819
10755989,4,2100076340729644895,121.576976,39.125861,PICKUP,1583321874
10756147,0,2100076274114758122,121.585839,39.113747,PICKUP,1583292245
10756966,0,2100076287362991822,121.439702,39.248501,PICKUP,1583294673
10756966,2,2100076320647546429,121.450336,39.245214,PICKUP,1583314469
10757702,0,2100076288448530084,121.523355,39.13336,PICKUP,1583294584
10760325,0,2100076269262997436,121.54152,39.064152,PICKUP,1583287345
10760325,2,2100076291690169880,121.511929,39.063214,PICKUP,1583295880
10762615,0,2100076280867194527,121.582695,39.139092,PICKUP,1583292494
10763831,0,2100076261225727124,121.647877,39.182777,DELIVERY,1583292203
107647570,0,2100076289407714391,121.597668,39.12412,DELIVERY,1583297772
107647570,6,2100076340456686800,121.604272,39.133137,PICKUP,1583322474
10765017,0,2100076271032501276,121.208636,39.161914,PICKUP,1583288904
10765017,4,2100076298907485808,121.208753,39.162316,PICKUP,1583308996
10765017,6,2100076323488466419,121.225508,39.15364,PICKUP,1583315957
10767994,0,2100076273541940889,121.401556,39.175916,PICKUP,1583294124
10767994,2,2100076290380695492,121.401287,39.176498,PICKUP,1583301371
107694242,0,2100076318405855086,121.410832,39.039561,PICKUP,1583313389
10773341,2,2100076278151185562,121.53117,39.019505,PICKUP,1583291436
107736970,0,2100076294822659518,121.538004,39.105334,PICKUP,1583296758
10774871,0,2100076281138218810,121.428257,39.196065,PICKUP,1583293504
10774871,2,2100076322397291579,121.418903,39.197975,PICKUP,1583313941
10775373,0,2100076283475789767,121.557811,39.169912,PICKUP,1583293800
10782205,0,2100076278836036709,121.76521,39.12306,PICKUP,1583292632
107874090,0,2100076261744379621,121.796114,39.156327,PICKUP,1583284448
10788532,0,2100076274545919960,121.764615,39.346008,PICKUP,1583291432
10788622,0,2100076269344654927,121.614506,39.156703,PICKUP,1583287979
10788622,2,2100076293510956208,121.615159,39.149164,PICKUP,1583296367
10788622,4,2100076316984476848,121.614446,39.163024,PICKUP,1583313749
10788622,6,2100076342323152048,121.614556,39.156847,PICKUP,1583325944
10789434,0,2100076264262207194,121.47451,39.134887,PICKUP,1583283411
10799255,0,2100076278812477263,121.594861,39.21618,PICKUP,1583292429
10804247,0,2100076262099060669,121.251604,38.953018,DELIVERY,1583287040
10805160,4,2100076337243096463,121.614873,39.020281,PICKUP,1583320658
108061506,0,2100076288707462727,121.431888,39.305901,PICKUP,1583294049
108061506,2,2100076307194742134,121.446268,39.297674,PICKUP,1583305930
108061506,4,2100076327956317194,121.43372,39.284725,DELIVERY,1583316986
10808308,0,2100076282866107830,121.565761,39.141326,PICKUP,1583293446
108136778,2,2100076287016142792,121.490003,39.150508,PICKUP,1583293894
108136778,6,2100076325169858504,121.484486,39.164473,PICKUP,1583315408
10816376,0,2100076277029668190,121.425775,39.195137,PICKUP,1583292559
10826871,0,2100076265031533818,121.549443,39.205724,PICKUP,1583282185
109539178,0,2100076281448891535,121.518581,39.176261,PICKUP,1583292664
109539178,4,2100076330442786008,121.517054,39.169425,PICKUP,1583318273
109696338,0,2100076328284620563,121.525121,39.132837,PICKUP,1583316461
109767250,0,2100076275652756663,121.548777,39.083578,PICKUP,1583292468
109767250,2,2100076292140598455,121.569668,39.084819,PICKUP,1583297062
109767250,4,2100076335332263115,121.548925,39.083599,DELIVERY,1583320806
109772898,0,2100076280665999296,121.521363,39.167,PICKUP,1583293308
110512450,4,2100076319259264117,121.571552,39.023177,PICKUP,1583312699
110512450,6,2100076329219589981,121.566151,39.04094,DELIVERY,1583318755
110622026,0,2100076286329783678,121.56852,39.151932,PICKUP,1583294818
110829786,0,2100076281953682708,121.540939,39.063533,PICKUP,1583293262
110941154,0,2100076265771435877,121.677407,39.068725,PICKUP,1583284531
110941154,2,2100076280947050329,121.677327,39.065121,DELIVERY,1583294678
110941154,4,2100076320684017240,121.677525,39.067786,DELIVERY,1583314421
110943594,0,2100076271552038755,121.552756,39.134088,PICKUP,1583293534
110943594,4,2100076329758098448,121.572744,39.140952,PICKUP,1583318282
110958146,0,2100076279009576624,121.594154,39.204273,PICKUP,1583293169
110962402,2,2100076276750320650,121.458401,39.155061,PICKUP,1583292103
110963378,0,2100076277358724728,121.843085,39.161739,PICKUP,1583291895
110997610,0,2100076327767868701,121.601263,39.136967,PICKUP,1583317918
111069178,0,2100076266184738777,121.533729,39.166161,PICKUP,1583285393
111069178,4,2100076304653551577,121.534045,39.165994,PICKUP,1583301977
111193122,10,2100076337465689399,121.453023,39.210599,DELIVERY,1583320706
111193122,4,2100076293316773315,121.443284,39.203485,DELIVERY,1583296497
111254906,0,2100076290628355906,121.442351,39.100099,PICKUP,1583294733
111269722,0,2100076265447326919,121.472735,39.19942,PICKUP,1583283952
111356426,0,2100076285779478179,121.766974,39.131864,PICKUP,1583297514
111358546,0,2100076285571794400,121.608044,39.132973,PICKUP,1583293779
111618922,0,2100076265285354606,121.536818,39.175196,PICKUP,1583284960
111618922,2,2100076286294688963,121.482958,39.185356,DELIVERY,1583295994
111618922,6,2100076329491367916,121.516688,39.186326,PICKUP,1583317566
11165674,0,2100076286147462874,121.402864,39.047659,PICKUP,1583295510
11165674,2,2100076313023677978,121.411176,39.042989,PICKUP,1583308853
111743154,0,2100076334335592388,121.402397,39.256849,PICKUP,1583321336
111751082,2,2100076321097582073,121.536769,39.208915,PICKUP,1583314064
112007530,0,2100076273542006425,121.548574,39.083182,PICKUP,1583291157
112044866,0,2100076284819178775,121.800369,39.131728,PICKUP,1583293798
112075042,2,2100076294348768432,121.614574,39.156403,PICKUP,1583298191
112607178,0,2100076326851871987,121.737481,39.359567,PICKUP,1583316878
112905898,0,2100076276246349381,121.372866,39.135366,PICKUP,1583291593
112996714,0,2100076273531979521,121.377306,39.146811,PICKUP,1583293541
113022562,0,2100076261428594347,121.673234,39.137494,PICKUP,1583284112
113022562,2,2100076289746076777,121.704324,39.138147,PICKUP,1583295628
113067034,0,2100076275407783397,121.724635,39.138967,PICKUP,1583291423
113067034,2,2100076321655719827,121.724735,39.14001,DELIVERY,1583315175
113147922,0,2100076292807133023,121.602265,39.128674,DELIVERY,1583296926
113152290,0,2100076265670509697,121.466591,39.136094,DELIVERY,1583283128
113172298,0,2100076269410715244,121.422903,39.1514,PICKUP,1583290071
113172298,2,2100076316150564447,121.442792,39.15672,PICKUP,1583312761
113186569,2,2100076288489096753,121.353563,39.429287,PICKUP,1583294295
113396953,2,2100076293611980128,121.573012,39.083317,PICKUP,1583297012
113493697,2,2100076331155260614,121.530105,39.155932,PICKUP,1583318628
113601193,0,2100076280699618896,121.425586,39.198431,DELIVERY,1583293877
113666817,0,2100076273179690250,121.459894,39.177318,PICKUP,1583292004
113736177,2,2100076296467481786,121.568989,39.174312,DELIVERY,1583298234
113793937,0,2100076261908023019,121.619763,39.255848,PICKUP,1583284379
113793937,2,2100076323485845011,121.655615,39.252884,PICKUP,1583316972
113977305,0,2100076281799738641,121.516413,39.223006,PICKUP,1583293649
113977305,2,2100076333731775864,121.519097,39.209114,PICKUP,1583320141
114286177,0,2100076279053092543,121.569502,39.084807,PICKUP,1583293001
114323969,0,2100076259819751102,121.52819,39.276987,PICKUP,1583287307
114323969,2,2100076288052266686,121.527131,39.277948,PICKUP,1583295344
114454825,0,2100076287504058102,121.531358,39.016815,PICKUP,1583294242
114454825,2,2100076320306399226,121.543806,39.022772,PICKUP,1583314479
114464161,2,2100076311468999909,121.457645,39.132234,DELIVERY,1583309496
114716833,0,2100076286709892825,121.543547,39.207284,PICKUP,1583294236
114779105,0,2100076277167523333,121.418564,39.205255,PICKUP,1583291196
114783777,0,2100076283202504690,121.374122,39.097485,PICKUP,1583294391
114797801,0,2100076277880653586,121.4472,38.981415,PICKUP,1583293527
114797801,4,2100076332503533302,121.438699,38.980975,PICKUP,1583318982
114811105,0,2100076283304314756,121.429208,39.062147,PICKUP,1583294042
114811105,2,2100076340219315236,121.421527,39.068765,PICKUP,1583322398
115025641,0,2100076274748589329,121.745237,39.527657,PICKUP,1583292546
115025641,2,2100076311558423736,121.745327,39.527655,PICKUP,1583306796
115365817,0,2100076289468893155,121.707888,39.267985,PICKUP,1583295263
115450025,0,2100076295788594594,121.401278,39.310548,DELIVERY,1583298908
115450025,2,2100076328241071529,121.401531,39.314028,PICKUP,1583316298
115598089,0,2100076282844743325,121.475778,39.13193,PICKUP,1583293697
115749225,0,2100076259741009666,121.52375,39.063691,DELIVERY,1583284720
115752577,2,2100076329307145671,121.545238,39.353074,PICKUP,1583317466
115753185,0,2100076274554078268,121.517595,39.346546,PICKUP,1583291122
115753441,2,2100076293288658375,121.528824,39.334822,PICKUP,1583296090
115753441,4,2100076328349631773,121.526655,39.334649,PICKUP,1583316153
115867977,2,2100076304802055776,121.467687,39.291161,PICKUP,1583303133
115867977,4,2100076318043637712,121.47771,39.292539,PICKUP,1583313184
115867977,6,2100076340661815145,121.459962,39.298086,PICKUP,1583323522
116050601,0,2100076275042124864,121.567864,39.149556,PICKUP,1583292717
116119961,2,2100076289912309136,121.45681,39.066671,PICKUP,1583296128
116133289,0,2100076271970584053,121.465899,39.15891,PICKUP,1583293070
116190881,0,2100076284990260852,121.7078,39.266778,PICKUP,1583293548
116191217,0,2100076261459461575,121.709184,39.250813,PICKUP,1583284645
116274473,0,2100076326845351100,121.41038,39.125783,PICKUP,1583316514
116377137,2,2100076278191654431,121.958973,39.592474,DELIVERY,1583292539
116479041,0,2100076275114378965,121.465788,39.159057,PICKUP,1583292027
116502929,0,2100076284030092644,121.454097,39.298303,PICKUP,1583293665
116502929,2,2100076320004933077,121.446333,39.297426,PICKUP,1583314399
116502929,4,2100076337939482369,121.466985,39.293479,PICKUP,1583320929
116505025,0,2100076281028347444,121.179059,38.930706,DELIVERY,1583294072
116737865,0,2100076272141141986,121.541587,39.065917,PICKUP,1583290842
116795681,0,2100076279658186066,121.461094,39.180186,DELIVERY,1583294714
116849473,0,2100076276518978978,121.405755,39.31743,DELIVERY,1583291168
116872833,4,2100076333860259347,121.655709,39.252483,PICKUP,1583319881
117009049,4,2100076323179136824,121.47547,39.226739,PICKUP,1583317135
117010921,0,2100076275734316565,121.438823,39.094575,PICKUP,1583291609
117010921,4,2100076331812423262,121.433591,39.111164,PICKUP,1583318700
117012793,0,2100076285320169130,121.314584,39.125857,PICKUP,1583293789
117013905,0,2100076281989924761,121.285697,39.14108,PICKUP,1583293719
117020457,0,2100076284623390086,121.400653,39.240856,PICKUP,1583294526
117024145,0,2100076274053612942,121.480058,39.072201,PICKUP,1583291910
117024545,4,2100076327938623366,121.424606,39.2524,PICKUP,1583316429
117025081,0,2100076270756693336,121.459774,39.112109,PICKUP,1583290320
117025081,2,2100076296250426875,121.459499,39.105682,PICKUP,1583296691
117025201,0,2100076281869239408,121.59158,39.206828,PICKUP,1583293465
117025201,4,2100076334014202973,121.580777,39.213841,PICKUP,1583319078
117027985,0,2100076273670817693,121.581193,39.211429,DELIVERY,1583291576
117028241,0,2100076321251559368,121.314991,39.134618,PICKUP,1583314752
117031321,0,2100076289571784540,121.575459,39.174707,DELIVERY,1583296487
117040001,4,2100076342455273242,121.271273,39.148663,PICKUP,1583323811
117042817,0,2100076263348601937,121.209851,39.160286,DELIVERY,1583283841
117049569,2,2100076295662766005,121.235595,39.122664,PICKUP,1583297787
117052073,0,2100076269967574722,121.439307,39.100193,PICKUP,1583288334
117052073,2,2100076286211687562,121.450163,39.095171,PICKUP,1583294350
117052073,6,2100076325018469908,121.449915,39.095527,PICKUP,1583315316
117054081,2,2100076290849507015,121.389532,39.246384,PICKUP,1583295871
117054081,6,2100076329123447981,121.425472,39.248464,DELIVERY,1583318268
117054417,4,2100076307367233019,121.452811,39.103038,PICKUP,1583305192
117054417,6,2100076322001749569,121.43957,39.1002,PICKUP,1583314707
117055625,0,2100076273896555771,121.499865,39.080964,PICKUP,1583291099
117056185,0,2100076279520462581,121.225074,39.129167,PICKUP,1583293605
117056905,0,2100076282128107383,121.451335,39.175521,PICKUP,1583292845
117065769,0,2100076268637783698,121.602002,39.137433,PICKUP,1583287115
117068537,2,2100076290608891409,121.960975,39.591951,PICKUP,1583294739
117069353,0,2100076263245645174,121.670373,39.168889,PICKUP,1583282705
117069353,2,2100076286997464477,121.660842,39.169605,DELIVERY,1583295591
117069353,4,2100076306356470960,121.669308,39.165966,PICKUP,1583303472
117070033,0,2100076286138320878,121.660255,39.168281,PICKUP,1583293772
117074225,4,2100076331741546345,121.664626,39.168328,PICKUP,1583318162
117080089,0,2100076280230708917,121.942112,39.596544,DELIVERY,1583293356
117108625,0,2100076279190848689,121.419786,39.199787,PICKUP,1583292278
117108641,2,2100076300422055012,121.437452,39.098545,PICKUP,1583298825
117108641,6,2100076329642100621,121.450182,39.094339,PICKUP,1583317357
117108873,4,2100076332393432990,121.531271,39.127848,PICKUP,1583319813
117109065,0,2100076274114626862,121.430429,39.093953,PICKUP,1583292809
117109065,2,2100076316110489368,121.440024,39.095034,PICKUP,1583311554
117110985,0,2100076260638557931,121.483171,39.197605,DELIVERY,1583292581
117113497,0,2100076264248903427,121.412751,39.255081,PICKUP,1583284659
117115569,0,2100076269428049510,121.443162,39.185594,PICKUP,1583293159
117124913,0,2100076268333204719,121.486201,39.114803,DELIVERY,1583292898
117164105,0,2100076285727508330,121.527413,39.064598,PICKUP,1583293755
117208745,2,2100076319299044457,121.748468,39.101252,PICKUP,1583313165
117208745,4,2100076337065231701,121.754157,39.11984,PICKUP,1583320789
117428305,0,2100076292924442175,121.522109,39.282175,DELIVERY,1583296743
117464353,0,2100076264524350521,121.615776,39.042076,PICKUP,1583283023
117464353,2,2100076274380965691,121.629081,39.039534,PICKUP,1583293441
117672177,2,2100076330712106257,121.440947,39.184411,PICKUP,1583317540
117672601,0,2100076270985151973,121.753509,39.111163,DELIVERY,1583288839
117672601,2,2100076304305489001,121.75684,39.108376,PICKUP,1583303641
117779017,0,2100076273864017333,121.365596,39.121474,PICKUP,1583291457
117779017,2,2100076307693339854,121.338636,39.123776,PICKUP,1583304716
117779017,4,2100076319670764750,121.316437,39.122205,PICKUP,1583314520
117916001,2,2100076296448411166,121.408066,39.18995,DELIVERY,1583298661
118066617,0,2100076284310127887,121.590117,39.215163,PICKUP,1583293817
118180113,0,2100076284556740050,121.529695,39.150315,PICKUP,1583293406
118200593,0,2100076285945283849,121.527848,39.151204,PICKUP,1583294497
118206785,2,2100076296232929048,121.44857,39.215128,PICKUP,1583297106
118248009,0,2100076266736715388,121.420007,39.199728,PICKUP,1583289304
118308465,0,2100076286631839490,121.529437,39.063686,PICKUP,1583296054
118322641,2,2100076284243314684,121.434729,38.903285,PICKUP,1583293831
118322641,8,2100076328413890448,121.431154,38.894136,PICKUP,1583316681
118347857,0,2100076263583614905,121.586358,39.028825,PICKUP,1583283142
118394873,0,2100076292515301313,121.486161,39.062746,PICKUP,1583296010
118427817,8,2100076337667901295,121.537317,39.210841,PICKUP,1583321269
118437025,0,2100076281429165995,121.608394,39.214191,DELIVERY,1583294596
118448081,0,2100076274664310474,121.631296,39.141318,PICKUP,1583293024
118456833,0,2100076287318034111,121.568644,39.14953,DELIVERY,1583294764
118533169,0,2100076280430200400,121.419487,39.199846,PICKUP,1583292835
118533225,2,2100076291968730289,121.437985,39.199051,PICKUP,1583295558
118533225,6,2100076333396493616,121.427899,39.197206,DELIVERY,1583320029
118559025,0,2100076264768603998,121.236643,38.948846,PICKUP,1583281432
118661681,0,2100076277487372157,121.58657,39.111548,PICKUP,1583292292
118661681,2,2100076320690701947,121.593191,39.111788,PICKUP,1583314858
118662905,2,2100076282627196601,121.54518,39.077803,PICKUP,1583293460
118665761,2,2100076298812229113,121.75551,39.114132,PICKUP,1583298475
118665761,4,2100076318738548333,121.779927,39.102701,PICKUP,1583312074
118691289,0,2100076266150463237,121.410214,39.178435,PICKUP,1583285130
118702473,0,2100076269808125098,121.480933,39.170433,DELIVERY,1583289838
118702473,2,2100076304618357930,121.471284,39.168911,PICKUP,1583304104
118713201,0,2100076288465667675,121.408265,39.189949,PICKUP,1583294335
118760649,0,2100076279763567850,121.471675,39.126406,DELIVERY,1583293288
118770561,2,2100076289029572600,121.480107,39.300832,PICKUP,1583294678
118770561,4,2100076316479751710,121.468311,39.298334,PICKUP,1583310632
118770561,6,2100076334598587407,121.468405,39.298335,PICKUP,1583319752
118771169,0,2100076280880072656,121.471442,39.299651,PICKUP,1583293582
118774137,2,2100076298171680387,121.436671,39.258199,PICKUP,1583298096
118776649,0,2100076281937954403,121.65575,39.138307,PICKUP,1583293704
118776649,2,2100076302436435049,121.668454,39.133919,PICKUP,1583300483
118778673,2,2100076278121661461,121.561099,39.189267,PICKUP,1583291533
118778673,4,2100076293575869463,121.57053,39.180435,PICKUP,1583296104
118778673,6,2100076327127287715,121.557462,39.187343,PICKUP,1583317275
118781177,4,2100076260928717838,121.463413,39.125494,DELIVERY,1583313038
118781361,2,2100076281705760266,121.488082,39.302738,PICKUP,1583293070
118781361,8,2100076324815701205,121.471215,39.291042,PICKUP,1583315494
118785289,2,2100076309411890658,121.472279,39.175881,PICKUP,1583307150
118787313,0,2100076277124663018,121.425928,39.198901,DELIVERY,1583292431
118787761,0,2100076286016391065,121.531853,39.250855,PICKUP,1583293987
118787761,4,2100076329396373401,121.537985,39.250163,PICKUP,1583317429
118787761,6,2100076340356220804,121.524563,39.267728,PICKUP,1583324028
118789345,0,2100076263266583676,121.56338,39.183984,DELIVERY,1583282769
118789345,2,2100076291553756505,121.566905,39.176238,PICKUP,1583295043
118789929,2,2100076276119504709,121.47802,39.136165,PICKUP,1583291811
118790761,0,2100076261732091501,121.527322,39.220729,PICKUP,1583293322
118792033,2,2100076316454520065,121.52762,39.27704,PICKUP,1583311438
118792841,4,2100076322697447134,121.520117,39.22317,PICKUP,1583314542
118795745,0,2100076280894784537,121.486396,39.144435,PICKUP,1583292675
118795745,2,2100076315289158894,121.490338,39.14214,PICKUP,1583310437
118795769,2,2100076281377293335,121.559907,39.181146,PICKUP,1583294939
118798041,2,2100076286086808696,121.474204,39.134977,DELIVERY,1583301799
118798041,4,2100076323056846595,121.487128,39.129494,PICKUP,1583315349
118798201,0,2100076266357622714,121.486808,39.141988,DELIVERY,1583284627
118798201,2,2100076281483659169,121.461388,39.112612,PICKUP,1583294423
118798641,2,2100076277482325469,121.492982,39.14308,PICKUP,1583291452
118798641,4,2100076331422057818,121.471554,39.126169,PICKUP,1583318929
118800337,0,2100076275221104237,121.520059,39.222964,PICKUP,1583291764
118800337,2,2100076292763322212,121.546835,39.207548,PICKUP,1583297069
118800777,0,2100076290392032476,121.474246,39.172865,DELIVERY,1583296556
118800777,4,2100076325370266764,121.468757,39.170162,PICKUP,1583314778
118800777,6,2100076343299278393,121.474521,39.17293,DELIVERY,1583326961
118800849,0,2100076279793583966,121.486307,39.145209,PICKUP,1583294042
118800849,2,2100076324608443869,121.487329,39.130154,PICKUP,1583315716
118802153,0,2100076284282897852,121.519975,39.223105,PICKUP,1583293390
118802473,0,2100076270362560190,121.527569,39.278885,PICKUP,1583293673
118803113,0,2100076270967489588,121.566192,39.135629,PICKUP,1583289250
118804241,0,2100076278093841590,121.481609,39.118542,PICKUP,1583293540
118804441,0,2100076267626432048,121.531666,39.250811,PICKUP,1583286499
118804441,2,2100076280920245566,121.534802,39.250734,PICKUP,1583293387
118804441,6,2100076317045065528,121.531543,39.250636,PICKUP,1583312710
118804441,8,2100076336506406459,121.533605,39.250602,DELIVERY,1583321451
118805001,0,2100076268941411449,121.383439,39.161686,DELIVERY,1583289937
118805001,4,2100076315742897273,121.38332,39.161803,DELIVERY,1583314311
118805049,4,2100076321675511207,121.474105,39.133954,PICKUP,1583314796
118805145,2,2100076296943764587,121.343206,39.172126,PICKUP,1583298484
118808025,2,2100076304331147080,121.477986,39.11696,PICKUP,1583301875
118808241,0,2100076270967850743,121.480021,39.072147,PICKUP,1583289774
118810873,0,2100076277955855625,121.469113,39.136195,PICKUP,1583293284
118811881,2,2100076302170948659,121.439336,39.100228,PICKUP,1583300742
118811881,4,2100076315006404116,121.439396,39.099423,PICKUP,1583310410
118811881,6,2100076338648319582,121.447357,39.095508,PICKUP,1583322490
118816345,0,2100076267664148167,121.557501,39.183493,PICKUP,1583286931
118816345,2,2100076288514131303,121.559724,39.190887,PICKUP,1583296223
118819825,0,2100076271316632809,121.579647,39.223086,PICKUP,1583293730
118823393,0,2100076288118621844,121.481352,39.152882,PICKUP,1583294938
118823393,2,2100076322273592633,121.474723,39.137883,PICKUP,1583314407
118828337,2,2100076284794537096,121.686961,39.125426,PICKUP,1583294176
118828337,4,2100076306216617643,121.670547,39.138435,DELIVERY,1583304653
118828337,6,2100076320404473154,121.68948,39.132421,PICKUP,1583313611
118831497,2,2100076277840118905,121.493222,39.1473,PICKUP,1583292513
118831497,4,2100076331588814453,121.470019,39.12096,PICKUP,1583317331
118888121,2,2100076329659107183,121.52219,39.215905,PICKUP,1583316993
118890377,0,2100076277091894661,121.59093,39.12639,PICKUP,1583292327
118891361,0,2100076278693102979,121.454554,39.181452,DELIVERY,1583294082
118894089,0,2100076275378227067,121.539482,39.141954,PICKUP,1583293008
118908809,0,2100076283800815611,121.601009,39.140259,PICKUP,1583294862
118908809,2,2100076306052450266,121.593181,39.14609,DELIVERY,1583303688
118916201,0,2100076292532962433,121.939343,39.593817,PICKUP,1583296088
118916329,4,2100076283617248773,122.231395,39.360252,PICKUP,1583293694
118917177,0,2100076282511394611,121.9587,39.590414,PICKUP,1583292681
118918017,6,2100076326148408863,121.971569,39.590442,PICKUP,1583316144
118918985,0,2100076279629186189,121.958871,39.592635,PICKUP,1583292703
118918985,2,2100076309999191862,121.959091,39.592677,PICKUP,1583307026
118920073,2,2100076276093617520,121.965573,39.602585,PICKUP,1583291502
118970329,0,2100076278525396894,122.23231,39.36465,PICKUP,1583292579
119069129,2,2100076282144490765,121.477735,39.077274,DELIVERY,1583293553
119071601,0,2100076262089197316,121.529895,39.203293,PICKUP,1583284766
119271329,4,2100076324340532824,121.660242,39.171959,DELIVERY,1583315476
119285537,0,2100076265300329912,121.480957,39.056809,PICKUP,1583285163
119346545,0,2100076280248534676,122.224484,39.362557,PICKUP,1583292463
119500977,0,2100076281139627409,121.57559,39.174781,PICKUP,1583292394
119531657,0,2100076298232956359,121.741238,39.245844,PICKUP,1583297766
119594593,4,2100076330837443826,121.449564,39.09822,PICKUP,1583318643
119666745,0,2100076271933916928,121.588415,39.124909,PICKUP,1583289693
119684969,0,2100076286573446906,121.550015,39.198821,PICKUP,1583294742
119749201,0,2100076272047359438,121.477014,39.122721,PICKUP,1583290602
119918177,0,2100076286253893091,121.595395,39.111528,PICKUP,1583294252
119918177,2,2100076320813745810,121.593945,39.111592,PICKUP,1583314460
119961113,2,2100076310182758188,121.482302,39.302284,PICKUP,1583307969
119961113,4,2100076315141375963,121.45647,39.306853,PICKUP,1583317182
120104001,0,2100076276533659631,121.562261,39.126092,PICKUP,1583291923
120130201,2,2100076286277519190,121.477147,39.091997,DELIVERY,1583295374
120130201,4,2100076308691224340,121.493352,39.098552,DELIVERY,1583305709
120171578,0,2100076283437385034,121.494152,39.19834,PICKUP,1583293872
120171578,2,2100076318029284679,121.514804,39.190356,PICKUP,1583313495
120171578,4,2100076334375961967,121.485971,39.194433,PICKUP,1583320124
120270738,0,2100076282897826960,121.621005,39.136051,DELIVERY,1583294044
120434978,0,2100076278772205276,121.404524,39.03415,PICKUP,1583293129
120448506,0,2100076281525241137,121.592579,39.205743,PICKUP,1583293137
120508210,0,2100076281245468110,121.797988,39.130118,PICKUP,1583293661
120549513,0,2100076282202621318,121.433198,38.90387,PICKUP,1583293084
120549513,2,2100076300776048636,121.430911,38.905262,PICKUP,1583299129
120550817,2,2100076291210807022,121.426648,39.196595,DELIVERY,1583296346
120551017,0,2100076277317568223,121.41869,39.200325,PICKUP,1583291655
120561993,0,2100076260893983972,121.530722,39.269563,PICKUP,1583286563
120601473,0,2100076280270062954,121.483112,39.197635,PICKUP,1583292907
120625801,0,2100076271207187642,121.631074,39.134676,DELIVERY,1583291333
120858513,0,2100076275438027896,122.224797,39.371512,PICKUP,1583292176
120991385,2,2100076290340784098,121.452131,38.980784,PICKUP,1583296009
121074881,0,2100076264684259055,121.441292,39.003788,PICKUP,1583281006
121074881,2,2100076269334890223,121.441627,39.003986,DELIVERY,1583289911
121074881,4,2100076301897107183,121.441073,39.003899,DELIVERY,1583303781
121123553,0,2100076288460358743,121.483,39.052682,PICKUP,1583294987
121157737,2,2100076319991891199,121.400527,39.269918,DELIVERY,1583314589
121168273,0,2100076262916752723,121.459134,39.242947,PICKUP,1583282533
121168273,2,2100076304133294066,121.467138,39.225879,PICKUP,1583302503
121168273,4,2100076323883255476,121.467136,39.225853,PICKUP,1583315588
121572297,0,2100076270010992508,121.760871,39.095138,PICKUP,1583288470
121572297,4,2100076300905744082,121.751739,39.091261,PICKUP,1583300207
121629529,0,2100076285845374041,121.579775,39.111501,PICKUP,1583294186
121658489,0,2100076284331230937,121.547213,39.207876,PICKUP,1583292963
121658489,2,2100076325955536399,121.547465,39.207646,PICKUP,1583316289
121778417,0,2100076283221607815,121.45741,39.298683,DELIVERY,1583295045
121778417,2,2100076324710188600,121.481219,39.292648,PICKUP,1583314708
121788009,0,2100076284885730489,121.538482,39.065342,PICKUP,1583294331
121788009,4,2100076332118934761,121.531339,39.06384,PICKUP,1583319004
121908329,0,2100076292610622590,121.489611,39.064492,DELIVERY,1583295628
121957913,0,2100076265068234453,121.503165,39.198468,PICKUP,1583283038
121974361,2,2100076297468151588,121.323418,38.983696,DELIVERY,1583298127
121974361,8,2100076331931534444,121.329312,38.976365,DELIVERY,1583318892
122077169,0,2100076284929181392,121.611494,39.118176,PICKUP,1583295093
122079457,0,2100076286286268009,121.368125,39.107611,PICKUP,1583294784
122081305,2,2100076299794450147,121.655462,39.252787,PICKUP,1583299703
122081305,4,2100076323761063099,121.655558,39.253024,PICKUP,1583315146
122093097,0,2100076275922896031,121.568598,39.148666,DELIVERY,1583293587
122093097,2,2100076321826505856,121.566592,39.151769,DELIVERY,1583315457
122161113,2,2100076309031126033,121.479455,39.063704,PICKUP,1583305316
122220553,0,2100076282713343757,121.56525,39.156217,PICKUP,1583295092
122220689,0,2100076295522354237,121.404144,39.311602,PICKUP,1583297332
122287833,0,2100076275315016785,121.401859,39.316203,PICKUP,1583292392
122294201,0,2100076289679361624,121.386259,39.088927,PICKUP,1583294462
122605561,0,2100076286213096572,121.567348,39.187126,DELIVERY,1583294829
122605561,4,2100076335188182389,121.561915,39.182201,PICKUP,1583320255
122726849,0,2100076279528326600,121.546764,39.08371,PICKUP,1583293123
122726849,2,2100076321594541808,121.561725,39.085188,PICKUP,1583314594
122726849,4,2100076336146155512,121.537876,39.075532,PICKUP,1583319932
122775745,0,2100076294198101133,121.95883,39.589961,DELIVERY,1583297019
122881657,0,2100076281890178503,121.71335,39.143932,PICKUP,1583293252
122881657,4,2100076250074252990,121.72448,39.139191,DELIVERY,1583311732
122904977,2,2100076278251619525,121.630337,39.139774,PICKUP,1583293018
122942881,0,2100076278353298757,121.630572,39.138678,PICKUP,1583292531
123213849,0,2100076267386570439,121.557738,39.18336,PICKUP,1583287866
123314609,0,2100076257008911585,121.400419,39.234421,DELIVERY,1583284513
123321857,0,2100076282366789563,121.449286,39.115463,PICKUP,1583294203
123321857,2,2100076317216769204,121.466498,39.141592,PICKUP,1583311770
123397273,0,2100076282890945912,121.632904,39.1492,PICKUP,1583293952
123679329,0,2100076276101940267,121.568564,39.149555,PICKUP,1583292705
123735529,0,2100076276275545818,121.595817,39.216492,PICKUP,1583291696
123810001,2,2100076301539903420,121.529316,39.285656,PICKUP,1583301988
123931449,4,2100076313356502678,121.537265,39.179961,PICKUP,1583318036
123931449,6,2100076341587903671,121.537914,39.181487,PICKUP,1583324306
123948441,2,2100076296857519640,121.535155,39.054578,PICKUP,1583297043
124001625,0,2100076278736061758,121.526665,39.261252,PICKUP,1583293143
124124649,0,2100076277218674021,121.576663,39.175864,PICKUP,1583292341
124259025,0,2100076266586179567,121.574164,39.115532,PICKUP,1583286723
124267545,0,2100076285881451994,121.500108,39.057837,DELIVERY,1583294155
124267545,2,2100076267835360563,121.49258,39.062816,DELIVERY,1583307184
124274137,0,2100076267531601569,121.557464,39.178841,PICKUP,1583288401
124682649,0,2100076281799673222,121.531898,39.251084,PICKUP,1583293354
124682649,2,2100076314869991224,121.532797,39.250737,PICKUP,1583309636
124682649,4,2100076337747100990,121.531088,39.248066,PICKUP,1583321435
124686817,0,2100076277733984142,121.568819,39.165838,DELIVERY,1583294123
124686817,2,2100076268584503191,121.547646,39.15868,PICKUP,1583298995
124686817,6,2100076324245931549,121.576993,39.151758,PICKUP,1583316809
124928417,0,2100076270858372979,121.532866,39.083258,PICKUP,1583289765
124928417,2,2100076291713861282,121.526578,39.088645,PICKUP,1583295727
124928417,4,2100076321909441955,121.535527,39.083559,PICKUP,1583314405
124973465,0,2100076269502792817,121.624403,39.251848,PICKUP,1583290852
124981409,0,2100076287796151926,121.527675,39.276888,PICKUP,1583294914
124981409,2,2100076315110245529,121.527611,39.276987,PICKUP,1583311524
124981409,4,2100076342054683801,121.529289,39.28598,DELIVERY,1583324000
125102201,0,2100076283540309471,121.366734,39.148867,PICKUP,1583293582
125119169,0,2100076270003225929,121.487465,39.124778,DELIVERY,1583288983
125119169,2,2100076321254344147,121.484396,39.127912,PICKUP,1583314968
125157297,2,2100076288415008277,121.578057,39.102067,DELIVERY,1583295359
125157297,4,2100076330013722122,121.573591,39.100569,PICKUP,1583318127
125552498,0,2100076328756741877,121.620917,39.13503,PICKUP,1583316384
125779698,0,2100076315794637892,121.602717,39.199333,PICKUP,1583309825
125779698,2,2100076332639028731,121.617212,39.18957,PICKUP,1583318385
125812730,2,2100076285861561847,121.416444,39.13048,PICKUP,1583293817
