courier_id,wave_index,tracking_id,courier_wave_start_lng,courier_wave_start_lat,action_type,expect_time
100002543,0,2100076472460444744,121.64447,39.135076,PICKUP,1583467132
100002652,0,2100076483679979410,121.559951,39.151688,PICKUP,1583471189
100002652,2,2100076520321943315,121.580403,39.151811,PICKUP,1583492977
100006950,2,2100076524356470084,121.40509,39.04303,DELIVERY,1583493871
100084429,0,2100076459080353111,121.255337,38.948718,DELIVERY,1583465582
100084429,2,2100076481663370502,121.2621,38.956129,PICKUP,1583470812
10012191,0,2100076471646848007,121.521817,39.206101,PICKUP,1583467947
10012191,2,2100076484725442041,121.530141,39.201457,DELIVERY,1583474668
100122337,0,2100076455181616167,121.59373,39.20398,PICKUP,1583466700
100122337,2,2100076502798337304,121.580896,39.211271,PICKUP,1583486519
10012508,2,2100076498334451131,121.528783,39.288767,PICKUP,1583480558
10012508,6,2100076532432504632,121.523935,39.297293,PICKUP,1583497726
100134611,2,2100076510691362674,121.377203,39.299072,PICKUP,1583487522
100147671,0,2100076455540098200,121.428163,39.19607,PICKUP,1583463882
100149376,0,2100076476688762607,121.443211,39.210668,PICKUP,1583468958
100177162,0,2100076456682915520,121.619614,39.118699,PICKUP,1583464166
100177162,2,2100076494076773848,121.606214,39.118467,DELIVERY,1583477930
100177162,4,2100076506557548019,121.605946,39.118458,PICKUP,1583485574
100177162,6,2100076522679043713,121.616646,39.11043,PICKUP,1583492937
10021791,0,2100076459466786584,121.446498,39.206096,DELIVERY,1583465492
10021791,4,2100076503880566319,121.444956,39.208984,PICKUP,1583483779
100240426,0,2100076460192630171,121.451585,38.940396,DELIVERY,1583465624
100240426,2,2100076507370161399,121.445372,38.948742,PICKUP,1583486433
10037225,0,2100076449238582520,121.509757,39.163671,DELIVERY,1583460806
10038649,0,2100076453987911671,121.357032,39.289857,PICKUP,1583462945
10038649,2,2100076483956147217,121.372759,39.270933,PICKUP,1583470647
10038661,0,2100076467254265755,121.423953,39.246169,PICKUP,1583467058
10038661,2,2100076486734119947,121.389335,39.246783,PICKUP,1583473857
10038661,4,2100076512541803910,121.425497,39.248794,PICKUP,1583488270
10039046,0,2100076444167112416,121.425201,39.252415,PICKUP,1583454592
10039046,2,2100076464123709152,121.425201,39.252415,PICKUP,1583465763
100429202,0,2100076461324829721,121.377715,39.128084,PICKUP,1583464744
10043801,2,2100076473636849064,121.448228,39.112963,PICKUP,1583468256
100532962,2,2100076528523839448,121.422653,39.151448,PICKUP,1583495228
10053442,2,2100076483677030027,121.465239,39.263913,PICKUP,1583472479
10063068,0,2100076463230780775,121.483703,39.067133,PICKUP,1583466471
10063068,2,2100076518677710264,121.472542,39.065955,PICKUP,1583490447
10063192,0,2100076459225974399,121.483809,39.06721,PICKUP,1583465673
10063192,4,2100076525905740926,121.484325,39.065894,DELIVERY,1583494353
10067592,0,2100076468334626191,121.582238,39.210752,DELIVERY,1583468604
10067592,2,2100076511244977799,121.582523,39.210769,PICKUP,1583488057
100681730,0,2100076463963800984,121.591005,39.135988,PICKUP,1583465409
100681730,4,2100076525716637007,121.594484,39.133449,PICKUP,1583494783
100799026,0,2100076460282905833,121.580599,39.217724,DELIVERY,1583467364
100799026,2,2100076482817918002,121.591131,39.208607,PICKUP,1583472377
10081729,2,2100076470027683088,121.529724,39.151308,PICKUP,1583467907
10081729,4,2100076486171657842,121.532056,39.153504,DELIVERY,1583474978
10081729,6,2100076531108152759,121.557566,39.160959,PICKUP,1583496030
10083928,0,2100076443507492413,121.61617,39.230683,PICKUP,1583452205
10094682,0,2100076462100317648,121.547337,39.140222,PICKUP,1583466134
10102738,0,2100076462616216702,121.223539,39.129065,PICKUP,1583465711
10112683,0,2100076452470163064,121.434186,38.988014,DELIVERY,1583461770
101147106,2,2100076463185004418,121.419449,39.193424,DELIVERY,1583466978
101147106,8,2100076515010380801,121.446479,39.194968,DELIVERY,1583490529
101166018,0,2100076456471201176,121.484462,39.068871,PICKUP,1583463409
101180274,0,2100076435678922707,121.40601,39.084116,PICKUP,1583454004
10120267,0,2100076450198193788,121.42847,39.197873,PICKUP,1583461623
10120267,4,2100076498562418300,121.428743,39.198635,PICKUP,1583483325
10120267,6,2100076523716380557,121.422037,39.195922,PICKUP,1583492182
101266154,0,2100076475851408708,121.377966,39.122952,PICKUP,1583468490
101266154,2,2100076504967644597,121.374347,39.135526,PICKUP,1583484336
10126649,0,2100076447201625526,121.687397,39.140798,DELIVERY,1583455715
10126649,2,2100076463024309686,121.687421,39.140811,DELIVERY,1583466069
10126649,4,2100076487789315510,121.687729,39.140773,PICKUP,1583474874
10126649,6,2100076505542559158,121.687463,39.140852,PICKUP,1583486416
101269810,0,2100076422353945732,121.529503,39.117248,PICKUP,1583455990
101269810,2,2100076463401469298,121.531196,39.115163,PICKUP,1583466610
101269810,6,2100076509076883452,121.54105,39.115321,PICKUP,1583487866
10127695,0,2100076456532673576,121.586279,39.128008,PICKUP,1583464269
10135747,0,2100076445890151890,121.516446,39.16481,PICKUP,1583461639
101419538,2,2100076474176144400,121.597895,39.143489,PICKUP,1583469004
101419538,4,2100076528111027420,121.622948,39.134401,DELIVERY,1583495732
10161032,0,2100076452364780670,121.223646,39.129214,DELIVERY,1583464441
10164305,0,2100076464042968283,121.593409,39.11183,DELIVERY,1583465801
10181667,0,2100076460812502420,121.422939,39.151405,PICKUP,1583465990
10183602,0,2100076462410270427,121.776925,39.352317,PICKUP,1583465371
10185816,0,2100076457808300027,121.439523,39.100269,PICKUP,1583465590
10188077,4,2100076516109977048,121.540643,39.133463,PICKUP,1583489972
10190566,0,2100076449317520423,121.453752,39.010147,PICKUP,1583460074
101915922,4,2100076494557709651,121.688308,39.284254,PICKUP,1583478014
101915922,6,2100076517690148610,121.705688,39.272768,PICKUP,1583490760
10194017,0,2100076461104039222,121.465941,39.158993,PICKUP,1583464879
10194307,0,2100076458108454027,121.594871,39.21577,PICKUP,1583464033
101943338,0,2100076445206283497,121.675503,39.271212,PICKUP,1583457008
10194640,0,2100076482335442746,121.416235,39.192728,PICKUP,1583470501
10194640,2,2100076516128982980,121.427757,39.195993,PICKUP,1583489754
101992442,0,2100076474464765164,121.48277,39.129536,PICKUP,1583468347
102039482,0,2100076470032926399,121.576503,39.151467,PICKUP,1583466888
102054458,0,2100076469849655161,121.628344,39.126926,PICKUP,1583466694
10208063,0,2100076487230457607,121.474864,39.033862,PICKUP,1583472974
10208063,2,2100076503864116433,121.482464,39.02602,PICKUP,1583485554
102106834,0,2100076477549937848,121.533029,39.187066,PICKUP,1583468959
102106834,4,2100076503845405863,121.499446,39.168731,PICKUP,1583485219
10215664,0,2100076463811299281,121.428313,39.21486,DELIVERY,1583467391
102159722,0,2100076471072785563,121.755603,39.133555,DELIVERY,1583468439
102159722,2,2100076518388040859,121.754283,39.128221,DELIVERY,1583491607
102159722,4,2100076529300146149,121.752871,39.123911,PICKUP,1583496050
102246634,0,2100076473683347044,121.353023,39.429938,PICKUP,1583468809
10232315,0,2100076470879323871,121.428697,39.193549,PICKUP,1583466859
10232315,2,2100076502692824700,121.428834,39.197715,PICKUP,1583485344
10232969,0,2100076471786801083,121.481673,39.119312,PICKUP,1583467895
10232969,4,2100076517241979994,121.465581,39.12307,PICKUP,1583490821
102358466,0,2100076444835382891,121.520128,39.071725,PICKUP,1583454558
102358466,10,2100076516520527693,121.541605,39.065752,PICKUP,1583490274
102358466,2,2100076449700546094,121.546693,39.067135,DELIVERY,1583462322
102358466,4,2100076467650626745,121.540123,39.067555,PICKUP,1583466764
102358466,6,2100076493434356751,121.541775,39.065039,PICKUP,1583476440
10239433,0,2100076456432600067,121.444467,38.971645,PICKUP,1583464054
10239433,2,2100076493368854371,121.438571,38.96883,PICKUP,1583478552
10239433,4,2100076511082448516,121.445553,38.971111,PICKUP,1583488096
102449370,2,2100076482271250341,121.669427,39.228651,PICKUP,1583470779
10248665,0,2100076459086480945,121.423001,39.138463,DELIVERY,1583465585
10249075,4,2100076510307157626,121.575151,39.103737,PICKUP,1583487966
102499938,2,2100076453933352447,121.529321,39.250431,DELIVERY,1583463290
102505130,0,2100076445437199632,121.52826,39.258367,PICKUP,1583455441
102505130,2,2100076453091411935,121.535424,39.255122,PICKUP,1583462242
102505130,4,2100076453553112888,121.523424,39.243652,DELIVERY,1583468541
102505130,6,2100076496438658608,121.550039,39.247007,PICKUP,1583480804
102505146,6,2100076489043510544,121.549757,39.247083,PICKUP,1583476009
102505842,0,2100076512446678476,121.616632,39.182374,PICKUP,1583488014
10258665,0,2100076462405289686,121.506823,39.218148,PICKUP,1583465454
10258665,4,2100076509083567928,121.48449,39.224202,PICKUP,1583488568
102688330,0,2100076475333871128,121.452296,39.185755,PICKUP,1583468841
102693874,0,2100076460770264750,121.600269,39.213479,PICKUP,1583465530
10271563,2,2100076491188340420,121.499851,39.0736,PICKUP,1583475071
10272326,0,2100076443816494582,121.506984,39.186936,PICKUP,1583454066
10272985,0,2100076452980229273,121.466752,39.096456,DELIVERY,1583463524
102748698,0,2100076482681636173,121.575686,39.131278,PICKUP,1583470730
102748698,4,2100076525530842772,121.566698,39.131512,PICKUP,1583494065
10275436,0,2100076445746169689,121.428117,39.153876,PICKUP,1583455031
10275639,0,2100076445634889523,121.405963,39.364775,PICKUP,1583458350
10277311,0,2100076466217584278,121.540013,39.201396,PICKUP,1583465846
10278503,2,2100076514403386440,121.626699,39.133867,PICKUP,1583488495
10278503,4,2100076526596097949,121.660431,39.132563,DELIVERY,1583494012
10282591,0,2100076460043240681,121.522051,39.216577,PICKUP,1583465739
10282591,2,2100076520405796075,121.537386,39.207142,PICKUP,1583491110
102837378,2,2100076450593933018,121.450476,39.151858,PICKUP,1583460608
102895674,2,2100076466698454405,121.446523,39.204387,PICKUP,1583466096
10289729,0,2100076461172918144,121.454324,39.108718,PICKUP,1583465482
10290949,0,2100076455269566355,121.420026,39.184667,PICKUP,1583464125
102938282,0,2100076441840813710,121.446205,39.297542,PICKUP,1583458079
102938282,2,2100076479015913102,121.419132,39.301999,PICKUP,1583469173
102938282,4,2100076494673315303,121.446834,39.297431,PICKUP,1583479576
10294613,0,2100076453356897630,121.428362,39.196155,PICKUP,1583463054
10294613,2,2100076462843070417,121.41977,39.187184,PICKUP,1583466917
10295716,0,2100076461720503892,121.466104,39.20677,PICKUP,1583465462
10295716,2,2100076512284214609,121.446025,39.212144,PICKUP,1583489263
10298963,0,2100076470209906585,121.531827,39.250838,DELIVERY,1583467805
10298963,2,2100076499556697648,121.549883,39.246976,DELIVERY,1583486684
103006362,0,2100076445207627254,121.499276,39.16882,PICKUP,1583456467
10303432,2,2100076522536208117,121.438503,39.187961,PICKUP,1583493039
10304094,2,2100076464464888866,121.50523,39.18975,PICKUP,1583466518
10304094,6,2100076512047302553,121.505007,39.189565,PICKUP,1583488872
103041650,2,2100076475242480887,121.564968,39.136012,PICKUP,1583468079
10312874,0,2100076454633244562,121.484712,39.164423,PICKUP,1583463795
10312874,2,2100076484522378726,121.48442,39.164485,DELIVERY,1583472329
103133802,4,2100076519640892524,121.755682,39.351771,PICKUP,1583490214
103135370,0,2100076460041372729,121.413804,39.163485,PICKUP,1583465690
103161530,0,2100076460015912023,121.614917,39.140619,PICKUP,1583465343
103191818,0,2100076477903472510,121.527198,39.264012,PICKUP,1583468820
103191818,2,2100076494346257925,121.532352,39.250793,PICKUP,1583480684
103191818,4,2100076526643775035,121.551267,39.23911,DELIVERY,1583495425
10319201,0,2100076456710309615,121.759157,39.105568,PICKUP,1583463391
10319201,2,2100076483597272549,121.760825,39.111337,PICKUP,1583471124
10319692,0,2100076460799886615,121.314685,39.160476,PICKUP,1583465750
10319692,4,2100076519250953298,121.308929,39.143835,PICKUP,1583491321
10321101,0,2100076448738903495,121.709216,39.250811,PICKUP,1583459917
103216506,0,2100076491522802946,121.615982,39.116154,PICKUP,1583475469
10322363,0,2100076448544523937,121.557306,39.178819,PICKUP,1583460483
10322363,6,2100076500628571809,121.557419,39.178752,PICKUP,1583484306
10322363,8,2100076521741682337,121.544512,39.177328,PICKUP,1583491762
10323658,0,2100076523048928944,121.605508,39.18189,DELIVERY,1583493131
103242482,2,2100076483473049324,121.445104,38.948843,PICKUP,1583471473
10325553,0,2100076455545996674,121.466218,39.159116,PICKUP,1583463748
10325553,2,2100076477039838227,121.461768,39.167526,PICKUP,1583468529
10328045,0,2100076443490125525,121.503218,39.198051,DELIVERY,1583453417
10329228,0,2100076467907724738,121.560389,39.189902,PICKUP,1583467536
10330725,2,2100076464948741726,121.471214,39.298264,PICKUP,1583465516
10335674,4,2100076500709246930,121.54175,39.063378,PICKUP,1583481906
103384498,0,2100076466077271801,121.400793,39.177507,PICKUP,1583465510
103384498,2,2100076501793408554,121.401458,39.175716,PICKUP,1583484134
103401674,2,2100076491554785235,121.606627,39.11801,DELIVERY,1583475488
103401674,6,2100076523243603515,121.623602,39.111134,PICKUP,1583492981
103404602,0,2100076457465611922,121.360732,39.132513,PICKUP,1583463797
103441042,0,2100076465307026806,121.404102,39.04923,PICKUP,1583466286
103441042,2,2100076505565595297,121.433335,39.061134,DELIVERY,1583486503
10344320,0,2100076449055901158,121.484604,39.164496,DELIVERY,1583459847
10344320,2,2100076503530997173,121.487501,39.159891,PICKUP,1583484928
103493258,0,2100076458841769395,121.467433,39.085073,PICKUP,1583464480
103530058,0,2100076464219588498,121.478294,39.069912,PICKUP,1583466373
103530058,2,2100076511815009339,121.478207,39.074263,PICKUP,1583488508
10354617,2,2100076464831726662,121.557419,39.178717,PICKUP,1583465942
10354617,6,2100076510830167246,121.555004,39.177763,PICKUP,1583487165
10359074,0,2100076492393186317,121.453324,38.981024,PICKUP,1583478766
10361752,2,2100076467980404700,121.292006,39.143779,PICKUP,1583466943
10361752,4,2100076503943972671,121.311881,39.12876,DELIVERY,1583485138
10363032,2,2100076450583217238,121.520546,39.1898,PICKUP,1583460474
103636594,0,2100076463222163050,121.443802,39.269077,DELIVERY,1583466619
103645298,0,2100076465644603231,121.602555,39.137425,PICKUP,1583466045
103645298,4,2100076514785003256,121.594117,39.146636,PICKUP,1583491289
10364589,0,2100076445157328890,121.580953,39.097288,PICKUP,1583457490
103648954,0,2100076444455896566,121.526751,39.177709,PICKUP,1583454091
10366255,0,2100076490589800123,121.476427,39.11263,PICKUP,1583475365
10366255,2,2100076508340684550,121.468058,39.087419,PICKUP,1583486959
103679442,4,2100076509064627637,121.484408,39.164537,PICKUP,1583488232
10370848,0,2100076460992202730,121.450687,39.245842,PICKUP,1583464518
103738138,0,2100076471333880981,121.587204,39.166199,PICKUP,1583467205
10381846,2,2100076467304761130,121.224812,39.126162,PICKUP,1583467224
10386183,0,2100076443282080938,121.489746,39.154121,DELIVERY,1583457409
10392452,2,2100076476848538724,121.478768,39.168016,PICKUP,1583468411
10392452,4,2100076507274085951,121.484139,39.164584,PICKUP,1583486645
10392454,2,2100076452508370406,121.483934,39.164863,PICKUP,1583461109
10392454,4,2100076497317201382,121.484245,39.164639,PICKUP,1583480876
10392466,0,2100076444548105702,121.484848,39.164811,PICKUP,1583454998
10392466,2,2100076449317750246,121.483972,39.164902,PICKUP,1583458391
10392466,8,2100076494837450214,121.483885,39.164301,PICKUP,1583477929
10404691,0,2100076442482378178,121.44332,39.185026,PICKUP,1583457179
10405101,0,2100076522243589244,121.261651,38.959532,PICKUP,1583492089
10413087,0,2100076462406206936,121.76544,39.123319,PICKUP,1583465192
10413087,2,2100076498703419301,121.765422,39.123294,PICKUP,1583481208
10413087,4,2100076508118680966,121.753151,39.122371,PICKUP,1583486434
10413087,6,2100076529046456016,121.756756,39.124768,PICKUP,1583497256
10415210,0,2100076459215094883,121.531279,39.116647,DELIVERY,1583465496
10416024,2,2100076457230698057,121.46574,39.216995,PICKUP,1583465115
10416907,0,2100076459934778857,121.460318,39.298416,DELIVERY,1583465750
10417888,0,2100076447966234086,121.484495,39.165027,PICKUP,1583457145
10417888,2,2100076453638833638,121.484199,39.164676,PICKUP,1583462594
10417888,4,2100076471035889608,121.485552,39.161829,PICKUP,1583468041
10417888,6,2100076488635254335,121.484517,39.164946,PICKUP,1583474715
10417888,8,2100076496232515046,121.483941,39.164802,PICKUP,1583480052
10429097,0,2100076516832086008,121.471156,39.299767,DELIVERY,1583490517
10429491,0,2100076472196302077,121.645808,39.144843,DELIVERY,1583468646
10438747,0,2100076466375296007,121.436135,39.183271,DELIVERY,1583466075
10443328,0,2100076487613712368,121.60253,39.203358,PICKUP,1583473001
104583538,0,2100076444127889233,121.485249,39.164467,PICKUP,1583453889
104583538,2,2100076447162336742,121.483456,39.16568,PICKUP,1583458941
10459881,2,2100076472676976622,121.748704,39.106275,PICKUP,1583468862
10459881,4,2100076520823916117,121.745213,39.122568,PICKUP,1583491832
104673194,0,2100076495724479582,121.537321,39.214272,PICKUP,1583478542
10469547,0,2100076455646233809,121.58088,39.097731,PICKUP,1583464404
10476665,0,2100076444037875381,121.748569,39.100148,PICKUP,1583454373
104838370,0,2100076452229907942,121.48375,39.165334,PICKUP,1583461808
104838370,2,2100076462872822884,121.485441,39.164172,PICKUP,1583466192
104838370,4,2100076477499082214,121.48448,39.165148,PICKUP,1583468576
104838370,6,2100076494480672230,121.483911,39.164825,PICKUP,1583477658
10487413,0,2100076461886440952,121.527933,39.277169,PICKUP,1583467338
10487413,4,2100076506010748168,121.528721,39.276955,PICKUP,1583487309
10488513,10,2100076526015186162,121.455778,39.10838,PICKUP,1583494588
10488513,8,2100076506761398157,121.455411,39.105973,PICKUP,1583487500
10489414,0,2100076462838580635,121.491869,39.053596,DELIVERY,1583465702
10492242,0,2100076446043407451,121.504291,39.174807,PICKUP,1583455430
104989810,0,2100076454001378808,121.792799,39.11299,PICKUP,1583464134
104989810,2,2100076519308723748,121.797476,39.113805,PICKUP,1583490330
104989810,4,2100076535342696092,121.789127,39.125969,PICKUP,1583500719
10507382,0,2100076466137794220,121.357651,39.433899,PICKUP,1583467223
10515576,2,2100076501587231909,121.616891,39.133868,PICKUP,1583483332
10515576,4,2100076525011960919,121.615013,39.149655,PICKUP,1583493239
10518924,0,2100076494031226607,121.467634,39.077226,PICKUP,1583478812
105226074,0,2100076452811113671,121.471587,39.194378,PICKUP,1583461952
105226074,2,2100076504439915865,121.472258,39.199362,DELIVERY,1583484947
105233010,0,2100076445217752955,121.530482,39.144677,PICKUP,1583456922
105233010,4,2100076519200327547,121.535332,39.14183,DELIVERY,1583492300
10525316,0,2100076446537287358,121.520385,39.068639,PICKUP,1583454076
10527162,0,2100076472008410887,121.612579,39.189642,PICKUP,1583467110
10527162,2,2100076517813258230,121.61209,39.189557,PICKUP,1583491408
105276506,0,2100076445484844534,121.499082,39.16892,PICKUP,1583455458
105276506,2,2100076453322622930,121.49909,39.16899,DELIVERY,1583463050
10534600,0,2100076454334203031,121.503061,39.186504,PICKUP,1583463837
10544976,0,2100076485055120980,121.445561,39.18996,DELIVERY,1583473904
10544976,2,2100076518217516735,121.433335,39.190497,PICKUP,1583491106
10545647,0,2100076457703638521,121.418752,39.260857,PICKUP,1583463557
10548486,6,2100076517133322107,121.53084,39.136041,PICKUP,1583490243
105514250,2,2100076467639649870,121.696184,39.13862,PICKUP,1583466574
105626402,2,2100076501394064763,121.813518,39.135872,DELIVERY,1583483917
105676642,0,2100076449002260168,121.685677,39.298459,PICKUP,1583459705
10572143,0,2100076468031227081,121.546485,39.264429,PICKUP,1583466404
10572143,2,2100076509582395293,121.528574,39.277121,PICKUP,1583487255
10572923,0,2100076466639864903,121.524048,39.115153,PICKUP,1583465678
10572923,4,2100076494563477370,121.532067,39.11582,PICKUP,1583478542
10579286,0,2100076446121100653,121.546927,39.083957,PICKUP,1583465173
10579286,4,2100076504154474049,121.546683,39.084443,DELIVERY,1583485870
10579286,6,2100076530212734072,121.545433,39.075485,PICKUP,1583496074
10583026,0,2100076472790845032,121.292857,39.021934,PICKUP,1583466961
10584671,0,2100076466566629277,121.774771,39.098924,PICKUP,1583466053
10587453,0,2100076465207871078,121.809148,39.081483,PICKUP,1583466326
105898418,2,2100076486560024320,121.494502,39.198323,PICKUP,1583476416
105898418,4,2100076515765879977,121.504494,39.200765,PICKUP,1583489280
10591853,2,2100076460051694873,121.428509,39.19629,PICKUP,1583464877
10591853,4,2100076508619999034,121.428432,39.196043,PICKUP,1583487378
10593238,0,2100076446892492462,121.372841,39.135378,PICKUP,1583455684
10593238,2,2100076477846062781,121.366653,39.135347,PICKUP,1583468611
10593238,4,2100076514637317444,121.392148,39.124502,PICKUP,1583490657
10596763,0,2100076471069148584,121.660522,39.168463,PICKUP,1583467416
10598602,0,2100076442739475669,121.798688,39.107147,DELIVERY,1583458806
10601332,0,2100076476558575208,121.528786,39.186751,DELIVERY,1583468848
10601332,2,2100076517653644559,121.524385,39.183883,PICKUP,1583490169
10604965,0,2100076471656056039,121.406487,39.36522,PICKUP,1583467591
10609171,0,2100076457703376010,121.411576,39.186133,PICKUP,1583463563
10614152,2,2100076470286518074,121.486964,39.199916,PICKUP,1583467286
106164450,2,2100076459334960414,121.462282,39.154754,PICKUP,1583465290
10618353,2,2100076457746531548,121.40341,39.05288,PICKUP,1583463457
10619176,0,2100076451816965562,121.421202,39.192145,PICKUP,1583465248
10619850,0,2100076445984360175,121.441088,39.003764,PICKUP,1583455507
10619850,2,2100076467977881164,121.44751,39.015108,PICKUP,1583467194
106205842,0,2100076443517879792,121.403006,39.052828,DELIVERY,1583454540
106205842,2,2100076471621256688,121.403045,39.052742,DELIVERY,1583469914
106205842,4,2100076495951791600,121.403023,39.052831,DELIVERY,1583482888
106205842,6,2100076527179859440,121.403053,39.052778,DELIVERY,1583494288
106246218,0,2100076449893156796,121.652107,39.317135,PICKUP,1583459048
106246218,6,2100076522367714681,121.661871,39.303436,PICKUP,1583492273
10626566,0,2100076465203938693,121.450628,39.210079,PICKUP,1583465859
106277138,0,2100076470339568957,121.612169,39.189146,PICKUP,1583468263
10633991,0,2100076471891134043,121.417114,39.185172,PICKUP,1583467313
106359962,0,2100076445068560096,121.422739,39.253674,PICKUP,1583455542
10636336,0,2100076465908418272,121.424537,39.25278,PICKUP,1583465645
10638398,2,2100076456725742776,121.616174,39.156644,PICKUP,1583463536
10638398,4,2100076494117308038,121.614711,39.156411,PICKUP,1583476932
10642055,0,2100076459545822591,121.544862,39.135035,DELIVERY,1583465374
10642060,6,2100076514890908888,121.549729,39.151329,PICKUP,1583489801
10642060,8,2100076533028947279,121.5571,39.151784,PICKUP,1583500659
10642486,2,2100076465223370417,121.454698,39.257165,PICKUP,1583466184
10645907,0,2100076450618672655,121.436387,39.294711,PICKUP,1583464522
10645907,2,2100076479768757609,121.456911,39.304403,DELIVERY,1583471120
10648133,0,2100076444218459653,121.584731,39.223164,DELIVERY,1583456419
10648133,2,2100076506334496197,121.580336,39.229033,PICKUP,1583486465
10649045,0,2100076463397373819,121.57664,39.118529,DELIVERY,1583467629
106503746,0,2100076463238940052,121.391832,39.164227,PICKUP,1583467405
10650683,2,2100076461893026927,121.537466,39.1969,PICKUP,1583466259
10650683,4,2100076502330672278,121.533681,39.206328,DELIVERY,1583484156
106539714,0,2100076467278546418,121.527611,39.276915,PICKUP,1583466034
10656566,2,2100076480690193484,121.48315,39.251649,DELIVERY,1583469558
106568746,0,2100076476344468970,121.666671,39.133466,PICKUP,1583468578
106568746,2,2100076510031480364,121.666634,39.136168,PICKUP,1583488746
106581010,0,2100076459800430191,121.619639,39.133886,PICKUP,1583464700
106581010,2,2100076495333623554,121.617349,39.13385,PICKUP,1583480089
10659267,2,2100076515127395849,121.59154,39.214719,PICKUP,1583489159
10663375,0,2100076462110115030,121.405574,39.367852,PICKUP,1583465034
10664091,2,2100076475115406956,121.548163,39.140699,DELIVERY,1583468657
10664338,0,2100076463340455544,121.843727,39.163185,PICKUP,1583465903
10664338,2,2100076511218992685,121.836528,39.165587,PICKUP,1583487724
10667763,0,2100076459508728970,121.466564,39.095056,PICKUP,1583464678
10667763,2,2100076492191007910,121.465501,39.095248,PICKUP,1583491280
10668497,2,2100076513459012948,121.741058,39.245839,PICKUP,1583488712
10670465,0,2100076460990924199,121.486185,39.117349,PICKUP,1583465598
10671039,0,2100076447052105340,121.418848,39.199374,PICKUP,1583460422
10671104,0,2100076445235873264,121.402942,39.053023,DELIVERY,1583454706
10671104,2,2100076453716788720,121.403026,39.052934,DELIVERY,1583465500
10671104,4,2100076494807598576,121.403007,39.052774,DELIVERY,1583481028
10671104,6,2100076525399082480,121.403524,39.052527,DELIVERY,1583496078
10671986,0,2100076449814447873,121.377246,39.146579,PICKUP,1583458374
10671986,2,2100076470561343246,121.355117,39.147276,PICKUP,1583467388
10676669,0,2100076486602294475,121.548515,39.083361,PICKUP,1583473198
10678111,4,2100076510957667723,121.486933,39.129791,PICKUP,1583487889
10681905,0,2100076461743932509,121.561532,39.139936,DELIVERY,1583465945
106834122,0,2100076480114001115,121.556623,39.111362,PICKUP,1583470590
106834122,4,2100076531092588144,121.568923,39.110104,PICKUP,1583496425
106881682,0,2100076463928641249,121.43647,39.256701,PICKUP,1583467290
10690649,0,2100076477565142484,121.527548,39.133487,PICKUP,1583469488
10696204,0,2100076462477117154,121.530417,39.13467,PICKUP,1583465287
10696554,0,2100076460556322542,121.48074,39.250315,PICKUP,1583465457
10703085,0,2100076471710221416,121.462352,39.233029,PICKUP,1583467466
10703923,0,2100076470117565752,121.548474,39.197796,PICKUP,1583467164
107045802,4,2100076521140356758,121.586288,39.193676,DELIVERY,1583493363
107080018,0,2100076458893215722,121.532461,39.107059,PICKUP,1583464923
107080018,4,2100076534726690145,121.500613,39.114857,PICKUP,1583499338
10711180,0,2100076448993412965,121.530119,39.288841,DELIVERY,1583462051
10712014,2,2100076473336268438,121.415313,39.158516,PICKUP,1583467550
107130514,0,2100076464498214695,121.223604,39.129277,PICKUP,1583465961
10719665,0,2100076459207100180,121.35145,39.430102,DELIVERY,1583465309
10719665,4,2100076491724817490,121.350878,39.427617,PICKUP,1583477455
10719665,8,2100076518032147477,121.362316,39.431203,PICKUP,1583490439
10720158,0,2100076465104258827,121.422938,39.154713,PICKUP,1583466420
10720158,6,2100076523865835275,121.425343,39.16,PICKUP,1583492847
10721724,4,2100076520961837053,121.430168,39.103455,PICKUP,1583491075
10724729,0,2100076471948183340,121.433821,39.065665,DELIVERY,1583467829
10726147,2,2100076500624213496,121.474088,39.133886,PICKUP,1583481945
10726147,4,2100076509669361056,121.485712,39.120966,PICKUP,1583487376
10726147,6,2100076522218424318,121.456673,39.131822,DELIVERY,1583493966
10728396,2,2100076465229923983,121.761462,39.347138,PICKUP,1583465410
10731534,4,2100076514544747779,121.34687,39.430633,PICKUP,1583489217
10739435,0,2100076442076054628,121.81145,39.092294,DELIVERY,1583461087
10742004,0,2100076469933376602,121.487677,39.120613,PICKUP,1583467374
10748334,0,2100076459812390764,121.721892,39.349636,PICKUP,1583465414
10748345,0,2100076465159079651,121.477787,39.089786,PICKUP,1583466556
10748345,4,2100076502975383027,121.466817,39.094977,PICKUP,1583483927
10751154,2,2100076510533519167,121.664451,38.979013,PICKUP,1583488433
10755989,4,2100076449921205998,121.590394,39.125117,PICKUP,1583462967
10756147,2,2100076480888145454,121.572503,39.111139,DELIVERY,1583470847
107597442,0,2100076460312921126,121.445301,38.948729,PICKUP,1583464313
10762615,0,2100076467489703693,121.591623,39.146116,PICKUP,1583467321
10762615,2,2100076484768401247,121.591249,39.145443,PICKUP,1583472241
10765017,2,2100076515204761224,121.208758,39.162313,PICKUP,1583489270
107672506,0,2100076458828826218,121.532313,39.080628,PICKUP,1583464875
107672506,2,2100076516215096803,121.527348,39.075688,PICKUP,1583490103
10767994,0,2100076470974351097,121.401326,39.177381,DELIVERY,1583467433
10767994,2,2100076508069103465,121.401344,39.176431,PICKUP,1583487272
10768209,0,2100076453598233831,121.406199,39.364718,PICKUP,1583462517
107699026,0,2100076506561873823,121.456274,39.194428,PICKUP,1583486270
107699026,2,2100076532674102856,121.472129,39.19935,PICKUP,1583500090
10770943,0,2100076468631602423,121.428219,39.196051,DELIVERY,1583467413
10770943,2,2100076498357027899,121.4189,39.198039,DELIVERY,1583481609
10770945,0,2100076460804178988,121.418977,39.198984,PICKUP,1583465493
10770945,2,2100076478161126552,121.422096,39.195303,DELIVERY,1583469939
10773341,4,2100076518139102515,121.522267,39.023079,PICKUP,1583491041
107736970,0,2100076456671053353,121.536787,39.105918,PICKUP,1583464902
10774871,0,2100076458414441516,121.428486,39.196245,PICKUP,1583464579
10779201,2,2100076509323035918,121.595235,39.21591,PICKUP,1583488274
10783757,0,2100076450377991630,121.360106,39.097094,PICKUP,1583461575
10783757,2,2100076492545852878,121.368113,39.107421,DELIVERY,1583478046
10783757,4,2100076505073256252,121.36834,39.107327,PICKUP,1583485628
10783757,6,2100076522061464761,121.38928,39.098212,PICKUP,1583491624
10784899,6,2100076522410968695,121.558443,39.179446,PICKUP,1583492903
10787521,0,2100076449969767768,121.473715,39.299007,PICKUP,1583460439
10787521,2,2100076461942867552,121.47765,39.310341,PICKUP,1583489994
10788423,0,2100076462000965139,121.419115,39.260786,PICKUP,1583465944
10803665,0,2100076474623886580,121.471805,39.141638,PICKUP,1583468713
10803667,0,2100076457758295792,121.487732,39.111528,PICKUP,1583464641
10803667,2,2100076485576033766,121.487925,39.111533,PICKUP,1583472053
10803667,4,2100076518606505264,121.491766,39.096609,PICKUP,1583490841
10804247,6,2100076514535113999,121.252044,38.952973,DELIVERY,1583490010
10805160,0,2100076463975925689,121.615984,39.024786,DELIVERY,1583467132
10805160,2,2100076523235181809,121.594919,39.020618,PICKUP,1583492512
108061506,0,2100076445588522358,121.446257,39.297666,PICKUP,1583460515
108061506,2,2100076499501974667,121.434496,39.299248,PICKUP,1583482734
108061506,4,2100076519550224102,121.432496,39.286295,PICKUP,1583491397
10816376,0,2100076467689391955,121.418692,39.199924,PICKUP,1583466830
10840157,0,2100076445710026335,121.416012,39.198641,DELIVERY,1583456872
10840157,2,2100076459659724412,121.428111,39.197217,PICKUP,1583464486
109696338,0,2100076469627422160,121.547153,39.139653,PICKUP,1583466259
109767250,0,2100076458097018641,121.527694,39.069423,PICKUP,1583465655
109772898,0,2100076458588603919,121.516473,39.169295,PICKUP,1583464350
110042570,0,2100076465695196277,121.579195,39.135911,PICKUP,1583465635
110042570,2,2100076493399721142,121.571883,39.135481,PICKUP,1583476802
110105858,0,2100076459269916386,121.525621,39.127278,PICKUP,1583464895
110105858,2,2100076496244409720,121.526546,39.128422,PICKUP,1583480100
110105858,4,2100076512540624149,121.526038,39.132741,PICKUP,1583488458
110512450,0,2100076462383302297,121.571606,39.023558,DELIVERY,1583465755
110622026,0,2100076472229168969,121.549444,39.157577,PICKUP,1583468103
110622026,2,2100076505745196437,121.549435,39.15753,PICKUP,1583486669
110622026,4,2100076524352439750,121.542857,39.15874,DELIVERY,1583494376
110624410,0,2100076463343339410,121.467019,39.075482,PICKUP,1583465877
110842146,2,2100076474872792663,121.561997,39.179641,PICKUP,1583469840
110842146,4,2100076503838852119,121.560832,39.190117,PICKUP,1583485952
110846282,0,2100076456319845692,121.453597,39.207706,PICKUP,1583464206
110846282,2,2100076474851231278,121.453813,39.223928,PICKUP,1583469317
110846282,4,2100076516255335982,121.451213,39.211645,PICKUP,1583490685
110943594,0,2100076459512202777,121.552739,39.134109,DELIVERY,1583465891
110943594,2,2100076515062416568,121.552292,39.133938,PICKUP,1583490282
110958146,0,2100076460860147251,121.592168,39.21064,PICKUP,1583466270
110962402,0,2100076456637269493,121.465298,39.159259,PICKUP,1583464398
110963378,0,2100076447572690552,121.836623,39.165355,DELIVERY,1583458360
110997610,0,2100076468778829661,121.602412,39.139213,PICKUP,1583466841
111025498,0,2100076464677258260,121.600641,39.187968,PICKUP,1583466352
111193122,0,2100076446391273340,121.445691,39.210882,PICKUP,1583455015
111254906,0,2100076476819604776,121.442459,39.099989,PICKUP,1583468252
111269722,0,2100076469990131119,121.449754,39.194329,PICKUP,1583466898
111269722,2,2100076506464552573,121.480881,39.199741,PICKUP,1583486579
111269722,4,2100076524811028009,121.477148,39.199595,PICKUP,1583493543
111356426,0,2100076452101818019,121.766968,39.131856,PICKUP,1583466298
111356426,2,2100076512109134992,121.766958,39.13176,PICKUP,1583488874
111618922,2,2100076461971145789,121.524264,39.179489,PICKUP,1583464673
111731282,0,2100076475420378906,121.601917,39.188189,DELIVERY,1583469484
111811122,2,2100076466367989146,121.603995,39.189551,PICKUP,1583466849
111811122,4,2100076503825253786,121.603157,39.19041,PICKUP,1583485315
111845074,2,2100076468897711927,121.458486,39.218867,PICKUP,1583466641
112007530,2,2100076505380553911,121.532945,39.083234,PICKUP,1583486687
112007530,4,2100076526253409297,121.54891,39.083617,PICKUP,1583494376
112008954,0,2100076478958733265,121.781022,39.103849,PICKUP,1583469828
112044866,0,2100076469345190920,121.800383,39.131718,PICKUP,1583466644
112516818,0,2100076478875142029,121.572157,39.023573,PICKUP,1583470119
112516818,2,2100076509667624653,121.556851,39.026132,PICKUP,1583487172
112525786,0,2100076464088515620,121.57988,39.142203,PICKUP,1583466991
112607178,0,2100076468756382930,121.769834,39.352753,PICKUP,1583467522
112665362,0,2100076461665485898,121.401322,39.177374,PICKUP,1583464444
112665362,2,2100076480872252902,121.396003,39.174815,PICKUP,1583471821
112905898,2,2100076489959933614,121.367582,39.135336,PICKUP,1583474879
112905946,0,2100076469081835479,121.595902,39.207711,PICKUP,1583466578
112906890,0,2100076505793692680,121.800367,39.131575,PICKUP,1583486388
112996714,4,2100076484692445135,121.377328,39.146823,PICKUP,1583471856
113022562,2,2100076451824404139,121.675513,39.134321,PICKUP,1583460903
113067034,2,2100076460235949291,121.712611,39.143192,PICKUP,1583465599
113067034,4,2100076481096845037,121.712609,39.143121,PICKUP,1583470970
113067034,6,2100076488116274390,121.712602,39.143105,PICKUP,1583474630
113078386,0,2100076462433109933,121.525174,39.132843,PICKUP,1583465700
113147922,0,2100076459399906488,121.598779,39.126398,PICKUP,1583467501
113152290,2,2100076471371990676,121.481623,39.11976,DELIVERY,1583467709
113396953,0,2100076472998102997,121.587526,39.08278,PICKUP,1583467588
113419889,0,2100076458596074906,121.603841,39.189287,PICKUP,1583464097
113485593,0,2100076471363798970,121.600178,39.207824,PICKUP,1583468482
113600721,0,2100076448228017383,121.406137,39.364601,DELIVERY,1583457410
113601193,2,2100076476359706403,121.418919,39.196979,DELIVERY,1583468411
113601193,4,2100076515583526480,121.430147,39.196328,DELIVERY,1583489752
113632273,0,2100076461570033263,121.675228,38.998056,PICKUP,1583465812
113666801,0,2100076469147010711,121.470599,39.175888,PICKUP,1583466686
113736177,0,2100076470351496914,121.566947,39.15368,PICKUP,1583467078
113736177,6,2100076527847769367,121.566466,39.15193,PICKUP,1583494812
113793937,0,2100076463342520140,121.655771,39.252888,PICKUP,1583466026
113793937,4,2100076502910043755,121.655707,39.252829,DELIVERY,1583483927
113977305,0,2100076460454512507,121.52098,39.209988,PICKUP,1583466150
113980657,0,2100076472286578591,121.627526,39.164762,PICKUP,1583469035
114244561,0,2100076447070619639,121.386484,39.304917,PICKUP,1583458760
114323969,2,2100076478819042879,121.525101,39.268302,PICKUP,1583469681
114323969,4,2100076508170388906,121.527579,39.27708,PICKUP,1583486012
114454825,0,2100076459950245602,121.537213,39.020432,PICKUP,1583465020
114454825,2,2100076510941022202,121.544187,39.022411,PICKUP,1583488059
114464161,0,2100076444524513156,121.434497,39.118457,PICKUP,1583454902
114595465,2,2100076478537303719,121.552781,39.171818,PICKUP,1583469476
114634969,0,2100076465293296892,121.547843,39.141836,DELIVERY,1583465749
114634969,2,2100076485389125160,121.553785,39.139472,PICKUP,1583473043
114674785,2,2100076472059921565,121.712788,39.142834,PICKUP,1583468372
114707833,0,2100076491690083718,121.574637,39.129858,PICKUP,1583476562
114716833,0,2100076463175861810,121.546723,39.207844,PICKUP,1583466034
114716833,2,2100076503385277765,121.536911,39.211337,DELIVERY,1583484601
114716833,4,2100076525522978065,121.530182,39.222453,PICKUP,1583492857
114783777,2,2100076494110819790,121.370605,39.108665,DELIVERY,1583479113
114783777,4,2100076527214134477,121.369982,39.104464,PICKUP,1583493985
115025641,0,2100076464943498584,121.74533,39.52765,PICKUP,1583467762
115025641,4,2100076492642747817,121.747291,39.54978,PICKUP,1583478322
115073537,0,2100076497966335175,121.255124,38.947681,PICKUP,1583481758
115365817,2,2100076509889922237,121.743744,39.248107,PICKUP,1583488347
115598089,0,2100076460795627003,121.452424,39.127939,PICKUP,1583465115
115598089,4,2100076529191749074,121.455838,39.120443,PICKUP,1583495510
115749225,4,2100076490376807439,121.541461,39.071393,PICKUP,1583476368
115749225,6,2100076507794736143,121.541357,39.06411,PICKUP,1583487760
115749225,8,2100076530438898878,121.541589,39.060467,PICKUP,1583495980
115753185,0,2100076451991979293,121.517501,39.346539,PICKUP,1583462357
115753441,0,2100076447367726762,121.515272,39.343839,DELIVERY,1583457791
115755785,0,2100076472999281984,121.419215,39.197847,DELIVERY,1583468280
115861121,4,2100076522598597886,121.400552,39.094081,PICKUP,1583493504
115867977,0,2100076467946522576,121.472741,39.290494,PICKUP,1583466481
116024137,0,2100076447469438719,121.769511,39.108019,PICKUP,1583459902
116034321,0,2100076453039998655,121.574623,39.099333,PICKUP,1583463081
116034321,2,2100076476919252980,121.58539,39.086552,PICKUP,1583469031
116034321,4,2100076491064215231,121.569342,39.097982,DELIVERY,1583478191
116050601,0,2100076459573937276,121.568675,39.149625,PICKUP,1583465104
116050601,2,2100076522280420359,121.564008,39.141863,PICKUP,1583491462
116119961,0,2100076459841946641,121.484267,39.063917,PICKUP,1583464459
116133289,2,2100076462229947561,121.471147,39.162374,PICKUP,1583465460
116133289,6,2100076513467697079,121.470683,39.162242,PICKUP,1583488900
116190881,2,2100076478853186616,121.707789,39.2668,PICKUP,1583469556
116226473,0,2100076468279347188,121.538205,39.21898,PICKUP,1583468048
116274473,0,2100076504510891839,121.408727,39.139173,PICKUP,1583485574
116288617,0,2100076458951738665,121.618495,39.085438,PICKUP,1583465398
116479041,0,2100076456999650347,121.465389,39.1592,PICKUP,1583464986
116502929,0,2100076459812685770,121.446788,39.297652,PICKUP,1583464556
116581473,0,2100076467585975523,121.435219,38.84838,PICKUP,1583467198
116581473,2,2100076510840849635,121.434766,38.848872,DELIVERY,1583487418
116642425,0,2100076453191944016,121.384257,39.233825,PICKUP,1583462821
116642425,2,2100076496050553923,121.384363,39.233673,PICKUP,1583479957
116737865,0,2100076448301844352,121.560187,39.060814,PICKUP,1583458152
116737865,2,2100076471129310374,121.580276,39.052603,DELIVERY,1583468623
116737865,4,2100076490993206891,121.550003,39.070501,PICKUP,1583477127
116737865,6,2100076508277146885,121.55214,39.064626,PICKUP,1583486673
116872833,0,2100076463004681326,121.655587,39.252781,DELIVERY,1583466382
116971497,0,2100076439115892550,121.66422,39.184071,DELIVERY,1583457169
116989929,0,2100076452032283803,121.759805,39.123594,PICKUP,1583462258
117010761,2,2100076525829817641,121.622646,39.065965,PICKUP,1583495530
117010921,0,2100076471279715771,121.439291,39.100155,PICKUP,1583467457
117010921,2,2100076511942379446,121.461745,39.088708,PICKUP,1583489017
117012793,0,2100076465693296150,121.314615,39.125834,PICKUP,1583466017
117012793,2,2100076484148495552,121.314644,39.125869,PICKUP,1583471781
117013905,0,2100076454173640567,121.284132,39.147979,PICKUP,1583463909
117013905,4,2100076514380547810,121.28581,39.141119,PICKUP,1583489659
117015105,0,2100076471618766408,121.488844,39.198957,PICKUP,1583467097
117020457,0,2100076467252954487,121.391795,39.251151,PICKUP,1583466960
117020457,6,2100076508051867410,121.431739,39.255275,PICKUP,1583488317
117021681,2,2100076471684891893,121.389885,39.246709,DELIVERY,1583468139
117024145,2,2100076477044458701,121.484082,39.064973,PICKUP,1583469375
117024145,4,2100076488538425125,121.475677,39.063893,PICKUP,1583473886
117024145,6,2100076509194028792,121.483049,39.049617,PICKUP,1583486863
117024545,0,2100076465220224047,121.425469,39.248458,PICKUP,1583465839
117025081,0,2100076462197016305,121.459727,39.107203,DELIVERY,1583466857
117025081,4,2100076501773321758,121.454337,39.107096,PICKUP,1583483686
117025081,6,2100076525702481438,121.455266,39.085531,PICKUP,1583494073
117026449,0,2100076467477874676,121.578403,39.093798,PICKUP,1583466570
117026449,2,2100076499070747857,121.580819,39.101154,PICKUP,1583481285
117026577,0,2100076474671302609,121.576655,39.218608,DELIVERY,1583469659
117031321,0,2100076460560188728,121.581398,39.168999,PICKUP,1583465843
117031713,0,2100076461535397732,121.546279,39.207935,PICKUP,1583466079
117042817,0,2100076447550604993,121.202465,39.158741,PICKUP,1583455723
117049569,0,2100076474499860337,121.223697,39.129333,PICKUP,1583468240
117051577,8,2100076519894222309,121.255315,39.11648,DELIVERY,1583493188
117052073,0,2100076441585452638,121.439383,39.100204,PICKUP,1583460823
117052073,2,2100076471447029686,121.442037,39.114104,PICKUP,1583467351
117054313,0,2100076466362320309,121.427015,39.196168,PICKUP,1583466362
117054313,2,2100076508594275780,121.428439,39.196381,DELIVERY,1583487396
117054313,4,2100076524298733284,121.428514,39.196556,PICKUP,1583492863
117054417,0,2100076431824880942,121.447414,39.095064,PICKUP,1583457556
117054417,2,2100076460563531273,121.430667,39.100108,PICKUP,1583465420
117055625,0,2100076446294508955,121.499897,39.078461,PICKUP,1583453786
117055625,6,2100076520389543351,121.513529,39.070612,DELIVERY,1583493299
117056185,0,2100076463582676775,121.223694,39.129313,PICKUP,1583465764
117056185,4,2100076498553046639,121.23617,39.117596,PICKUP,1583482950
117056185,6,2100076512339985694,121.226526,39.123707,DELIVERY,1583490881
117056801,4,2100076503195681873,121.510377,39.073573,PICKUP,1583485511
117065769,2,2100076525976650933,121.590622,39.134809,PICKUP,1583495100
117067361,0,2100076460177852097,121.669917,39.18345,PICKUP,1583465466
117068537,0,2100076440955356349,121.95961,39.596074,DELIVERY,1583451078
117068537,4,2100076506734593393,121.960975,39.591951,PICKUP,1583486988
117069353,0,2100076462922827679,121.660457,39.170105,PICKUP,1583465912
117070713,0,2100076459007051088,121.679993,39.178386,DELIVERY,1583467429
117074225,0,2100076463515797268,121.66978,39.168775,PICKUP,1583465571
117074225,2,2100076510043015146,121.661414,39.165157,PICKUP,1583487999
117075241,2,2100076498733926006,121.978536,39.597545,PICKUP,1583481898
117106585,0,2100076459532027822,121.418935,39.197952,PICKUP,1583465193
117108625,0,2100076466582291925,121.41995,39.191655,PICKUP,1583466787
117108873,2,2100076466454988240,121.523274,39.133342,PICKUP,1583467304
117109065,0,2100076457419277906,121.429617,39.10533,PICKUP,1583463699
117109065,4,2100076497626269431,121.455633,39.108138,DELIVERY,1583481992
117110985,0,2100076467247253240,121.492384,39.19474,PICKUP,1583465512
117113497,0,2100076419645704111,121.412481,39.255304,PICKUP,1583455049
117115569,0,2100076470575105055,121.436151,39.183277,PICKUP,1583467119
117160881,2,2100076495386084680,121.53657,39.083693,PICKUP,1583478691
117160881,4,2100076508872344995,121.534454,39.084862,PICKUP,1583487987
117164105,0,2100076449407928170,121.534691,39.0603,PICKUP,1583461719
117208745,0,2100076450744665573,121.756262,39.110534,PICKUP,1583461568
117208745,2,2100076475363689863,121.763083,39.111274,PICKUP,1583469231
117428305,0,2100076474328844141,121.521961,39.282154,PICKUP,1583469141
117428305,2,2100076514516272376,121.522022,39.282149,DELIVERY,1583490460
117451033,2,2100076499726927147,121.466843,39.094981,PICKUP,1583481696
117451033,4,2100076513526449651,121.454965,39.095866,PICKUP,1583489986
117464353,0,2100076446728062754,121.619149,39.03125,PICKUP,1583457516
117464353,2,2100076469652850119,121.619442,39.031409,PICKUP,1583467393
117464353,6,2100076524214355640,121.614725,39.011746,PICKUP,1583491854
117488401,0,2100076468458128646,121.461692,39.211347,PICKUP,1583466802
117528729,0,2100076470557050217,121.546777,39.207957,PICKUP,1583466633
117672177,0,2100076465930306903,121.434216,39.18434,PICKUP,1583466376
117672601,0,2100076452529178085,121.754197,39.110459,DELIVERY,1583461616
117672601,4,2100076493733365127,121.755733,39.110459,PICKUP,1583476977
117779017,0,2100076456462910937,121.36633,39.125474,PICKUP,1583464148
117779017,2,2100076497437198292,121.340246,39.119696,PICKUP,1583480405
117916001,6,2100076516540843722,121.408195,39.189984,PICKUP,1583489887
118180113,0,2100076459543365319,121.524753,39.150243,PICKUP,1583466105
118200593,0,2100076471800465275,121.527685,39.151013,PICKUP,1583467442
118206785,2,2100076469097235773,121.446434,39.205516,PICKUP,1583468246
118248009,2,2100076463506065163,121.421469,39.197791,DELIVERY,1583465388
118248009,4,2100076523772937490,121.419794,39.199765,PICKUP,1583492462
118266025,0,2100076458696345505,121.690223,39.125355,PICKUP,1583464929
118266025,6,2100076511726110560,121.690672,39.126319,PICKUP,1583488858
118322641,2,2100076473930614553,121.433125,38.903467,PICKUP,1583468270
118322689,2,2100076491596924152,121.436087,38.905826,PICKUP,1583476042
118347857,0,2100076465428563269,121.586679,39.028594,DELIVERY,1583466673
118347857,2,2100076506404783557,121.59542,39.014698,PICKUP,1583485940
118394873,0,2100076477421782222,121.486209,39.062678,PICKUP,1583468110
118427817,2,2100076476729951370,121.537469,39.201381,PICKUP,1583469027
118448081,0,2100076454914164163,121.630678,39.143419,DELIVERY,1583465954
118475913,2,2100076509576759124,121.522342,39.216741,PICKUP,1583486710
118558089,0,2100076464685189005,121.421014,39.200182,PICKUP,1583466499
118559025,0,2100076446565697130,121.251691,38.948802,DELIVERY,1583454831
118559025,2,2100076476008237045,121.273509,38.975276,PICKUP,1583469476
118644385,0,2100076446453105794,122.22048,39.363732,PICKUP,1583455797
118644385,2,2100076472785471357,122.224786,39.361902,PICKUP,1583466832
118661681,0,2100076455462634507,121.586532,39.111566,PICKUP,1583463475
118662905,0,2100076458776036472,121.548657,39.083615,PICKUP,1583464233
118667561,2,2100076473214108801,121.784582,39.109932,DELIVERY,1583468957
118667561,4,2100076493726221392,121.774022,39.093326,PICKUP,1583476834
118673761,0,2100076454788662864,121.774579,39.093196,PICKUP,1583462488
118673761,2,2100076472318133586,121.789854,39.110434,PICKUP,1583468565
118673761,4,2100076491613275333,121.776962,39.091403,PICKUP,1583475678
118673761,6,2100076503385442276,121.779595,39.099258,PICKUP,1583484684
118673761,8,2100076524309611533,121.794155,39.090159,PICKUP,1583493254
118686593,0,2100076484479059320,121.525188,39.133325,DELIVERY,1583472840
118699633,0,2100076452573611895,121.469031,39.169298,PICKUP,1583464855
118699633,4,2100076498904384540,121.490519,39.186235,PICKUP,1583483019
118699633,8,2100076532800292275,121.480102,39.184831,DELIVERY,1583498882
118713201,0,2100076472072079253,121.411432,39.178738,PICKUP,1583467782
118713201,2,2100076491306632965,121.410164,39.186149,PICKUP,1583476859
118760649,0,2100076464975676647,121.4716,39.126616,DELIVERY,1583468283
118760649,6,2100076508253554131,121.487325,39.124815,PICKUP,1583487120
118760809,0,2100076515090990636,121.484815,39.113408,PICKUP,1583489625
118770561,0,2100076452689839260,121.467613,39.298317,DELIVERY,1583462749
118770561,2,2100076469885404763,121.488593,39.299909,PICKUP,1583467214
118770561,6,2100076515660465365,121.464851,39.285321,DELIVERY,1583490426
118771169,0,2100076482165867676,121.47118,39.299859,PICKUP,1583471198
118774137,2,2100076480414844543,121.432614,39.250209,PICKUP,1583469657
118774137,4,2100076519217465199,121.449158,39.25533,PICKUP,1583491809
118778673,0,2100076448762463943,121.557702,39.183373,PICKUP,1583460748
118778673,2,2100076474600555900,121.570748,39.180473,PICKUP,1583468391
118781361,2,2100076463693203423,121.467271,39.297093,PICKUP,1583465285
118781361,4,2100076501308834957,121.467686,39.298348,PICKUP,1583482313
118781361,6,2100076524396283422,121.457634,39.298415,PICKUP,1583493586
118782929,0,2100076474223888023,121.585003,39.188765,PICKUP,1583468534
118782929,2,2100076508200699253,121.561352,39.189229,PICKUP,1583486410
118785289,0,2100076444987622563,121.44602,39.244629,PICKUP,1583453961
118787177,0,2100076449411893209,121.516391,39.031313,PICKUP,1583463513
118787761,0,2100076475363591203,121.52808,39.258564,PICKUP,1583468411
118787945,0,2100076464678405717,121.453245,39.120976,PICKUP,1583465682
118787945,2,2100076498071717124,121.463328,39.123298,PICKUP,1583480492
118789185,0,2100076444535555602,121.471768,39.141737,PICKUP,1583454438
118789185,2,2100076486635390390,121.487366,39.129464,PICKUP,1583473384
118789185,4,2100076498044061534,121.487366,39.129464,PICKUP,1583481003
118789185,6,2100076510708991861,121.487366,39.129464,PICKUP,1583488880
118789345,2,2100076471645701719,121.548046,39.194566,PICKUP,1583468403
118789345,4,2100076512140428450,121.554734,39.192572,PICKUP,1583488802
118789929,2,2100076460532237795,121.487491,39.124775,PICKUP,1583465319
118790761,0,2100076465467491772,121.523768,39.221765,PICKUP,1583465634
118790761,2,2100076498579457548,121.512838,39.222309,PICKUP,1583485269
118791265,0,2100076465039213972,121.444974,39.16337,PICKUP,1583466472
118791265,2,2100076501452981652,121.423046,39.151375,PICKUP,1583482784
118792033,2,2100076481811056419,121.554793,39.261851,DELIVERY,1583472127
118792033,4,2100076510880892371,121.527506,39.277018,PICKUP,1583487552
118792841,0,2100076469200258321,121.520968,39.220439,PICKUP,1583466700
118792841,2,2100076506296977406,121.519212,39.223252,PICKUP,1583485149
118793961,0,2100076469998061223,121.558435,39.173966,PICKUP,1583466812
118794633,0,2100076459890738640,121.560396,39.190004,PICKUP,1583465143
118795745,0,2100076510301947357,121.495069,39.143858,PICKUP,1583487505
118796473,0,2100076462446216596,121.422957,39.151626,PICKUP,1583465788
118797393,0,2100076463209154336,121.486464,39.124694,PICKUP,1583467846
118798041,2,2100076452996482910,121.48684,39.140376,PICKUP,1583464678
118798041,4,2100076493184828897,121.482253,39.142372,PICKUP,1583477262
118798041,6,2100076510268360565,121.466074,39.14126,DELIVERY,1583488344
118798201,2,2100076499246843765,121.487325,39.140353,PICKUP,1583483283
118798641,2,2100076466646714366,121.454365,39.146297,PICKUP,1583465968
118798641,4,2100076509594486611,121.471554,39.126169,PICKUP,1583488216
118800217,0,2100076464074425802,121.529429,39.254309,PICKUP,1583465586
118800217,6,2100076526435305052,121.539073,39.255164,PICKUP,1583494873
118800337,0,2100076460362794556,121.520133,39.223171,PICKUP,1583465101
118800337,2,2100076510460675693,121.520056,39.222947,PICKUP,1583486753
118800337,4,2100076524320753543,121.543314,39.206718,PICKUP,1583493188
118802473,2,2100076480796853977,121.525391,39.278738,PICKUP,1583471264
118802473,8,2100076529336845660,121.52463,39.27248,PICKUP,1583497620
118804441,10,2100076526241122298,121.532912,39.250834,PICKUP,1583494225
118804441,2,2100076464938977026,121.532985,39.250735,PICKUP,1583466104
118804441,6,2100076496619014071,121.529777,39.249449,PICKUP,1583480489
118804441,8,2100076509317269344,121.532431,39.250963,DELIVERY,1583487882
118805001,0,2100076453148460153,121.38325,39.161584,DELIVERY,1583463761
118805049,0,2100076451876439463,121.476659,39.118533,PICKUP,1583463920
118805049,4,2100076524885476873,121.45701,39.143872,PICKUP,1583493877
118805145,0,2100076487140967726,121.354324,39.168804,PICKUP,1583474669
118805145,2,2100076510092461358,121.343031,39.171989,PICKUP,1583489217
118805233,0,2100076449609549560,121.601543,39.137397,PICKUP,1583460456
118808025,0,2100076445815145568,121.470786,39.11923,PICKUP,1583456166
118808025,2,2100076488348731326,121.488903,39.12335,PICKUP,1583474301
118808241,2,2100076476910961814,121.487118,39.074469,PICKUP,1583469903
118808241,6,2100076515761226878,121.48743,39.062527,PICKUP,1583489760
118808889,0,2100076447646713060,121.539994,39.28217,DELIVERY,1583459976
118809849,4,2100076521357968479,121.546046,39.151693,DELIVERY,1583492818
118810873,0,2100076446317347980,121.484662,39.146005,DELIVERY,1583455430
118811881,0,2100076449551713886,121.439189,39.099947,DELIVERY,1583460503
118813289,0,2100076468764935525,121.48721,39.128733,PICKUP,1583467033
118813289,2,2100076487388136886,121.47395,39.13504,PICKUP,1583473995
118814697,0,2100076468740425245,121.690592,39.126044,PICKUP,1583467975
118817865,0,2100076467067094161,121.42284,39.151644,PICKUP,1583467937
118818985,0,2100076446850156536,121.456762,39.304457,PICKUP,1583458414
118818985,2,2100076465486169630,121.471184,39.298968,PICKUP,1583465865
118818985,6,2100076512385370022,121.447636,39.29254,PICKUP,1583489068
118818985,8,2100076525475005982,121.469076,39.283211,DELIVERY,1583495111
118819641,2,2100076472427578406,121.788444,39.096617,DELIVERY,1583467825
118819825,0,2100076469637023343,121.579927,39.222757,PICKUP,1583466544
118819825,2,2100076527314241530,121.575815,39.219228,PICKUP,1583494381
118820073,0,2100076469249443226,121.602625,39.198921,PICKUP,1583467886
118841633,0,2100076450781726055,121.466334,39.060712,PICKUP,1583461781
118841633,4,2100076502857450622,121.47228,39.063849,PICKUP,1583485488
118851385,2,2100076467870664159,121.373303,39.14921,PICKUP,1583466699
118851385,4,2100076506732988361,121.366397,39.147608,DELIVERY,1583487254
118877049,0,2100076461599000443,121.52016,39.223114,DELIVERY,1583465402
118877049,2,2100076482625111376,121.51844,39.22279,PICKUP,1583471119
118877049,6,2100076509755836260,121.520918,39.212622,PICKUP,1583488311
118888121,0,2100076465050716052,121.520082,39.223183,PICKUP,1583465601
118890377,0,2100076456255326188,121.593429,39.126534,PICKUP,1583464738
118891361,0,2100076468094305500,121.461455,39.175727,PICKUP,1583468150
118894089,0,2100076444191164305,121.535479,39.155502,PICKUP,1583455812
118894089,2,2100076484779673467,121.529378,39.133293,DELIVERY,1583472234
118908809,0,2100076473413830413,121.591142,39.14672,DELIVERY,1583468751
118916329,4,2100076512081937798,122.245813,39.368021,PICKUP,1583488654
118918985,0,2100076449136968940,121.958887,39.593123,PICKUP,1583460531
118918985,4,2100076496342779612,121.959096,39.592462,PICKUP,1583479580
118918985,6,2100076510831183216,121.959075,39.592538,PICKUP,1583487606
118920049,0,2100076449005471445,121.50337,39.198203,DELIVERY,1583460479
118920049,2,2100076491711743701,121.507879,39.202735,DELIVERY,1583478895
118924601,6,2100076509546383075,121.959165,39.592626,PICKUP,1583487196
118970329,0,2100076460725143199,122.238406,39.366452,PICKUP,1583464887
118970753,0,2100076457621226800,121.821862,39.067331,PICKUP,1583464016
118981753,0,2100076464817833224,121.707815,39.266732,PICKUP,1583466014
119069129,0,2100076448164415223,121.47948,39.072179,PICKUP,1583461522
119069129,2,2100076505825281217,121.479207,39.072182,PICKUP,1583487159
119071601,0,2100076451167077966,121.530067,39.201591,DELIVERY,1583460614
119149737,0,2100076454272762958,121.097638,38.912262,DELIVERY,1583463190
119149921,0,2100076462592820992,121.587525,39.204118,DELIVERY,1583466631
119340785,0,2100076466503615599,121.601859,39.110926,PICKUP,1583468139
119340785,2,2100076515709781069,121.599107,39.111261,PICKUP,1583490097
119439657,0,2100076450469938492,121.414354,39.37125,PICKUP,1583459929
119594593,0,2100076449166624657,121.439554,39.100194,PICKUP,1583457164
119594593,2,2100076469847426998,121.432333,39.101973,PICKUP,1583466685
119663369,0,2100076446733928442,121.577319,39.109505,PICKUP,1583457850
119666745,4,2100076518530057430,121.586449,39.128249,PICKUP,1583491038
119684969,0,2100076468355597753,121.550146,39.198548,PICKUP,1583467871
119749201,2,2100076472743692219,121.484755,39.11726,PICKUP,1583467921
119749761,0,2100076489242216071,121.4155,39.270696,PICKUP,1583475321
119749761,2,2100076512190662273,121.415442,39.270682,PICKUP,1583488695
119899809,0,2100076457082619612,121.959087,39.591253,PICKUP,1583465056
119899809,2,2100076507877574454,121.983948,39.59224,DELIVERY,1583487678
119918177,0,2100076473623512501,121.590729,39.111821,DELIVERY,1583468709
120119785,0,2100076434421647009,121.557421,39.178732,PICKUP,1583460003
120130201,0,2100076464571417942,121.50616,39.104621,PICKUP,1583465706
120171578,0,2100076453785175808,121.494339,39.198335,PICKUP,1583463593
120171578,2,2100076491256104704,121.493916,39.198425,PICKUP,1583476587
120270738,0,2100076466653005098,121.620962,39.136052,PICKUP,1583466818
120407090,0,2100076507693909122,121.431491,39.198684,DELIVERY,1583487207
120448506,0,2100076480955811121,121.581796,39.210889,PICKUP,1583469582
120549513,0,2100076469239285483,121.433149,38.903484,DELIVERY,1583467403
120550817,2,2100076478544480141,121.430455,39.194721,PICKUP,1583471110
120550817,4,2100076492535170684,121.428309,39.197031,PICKUP,1583480261
120551017,4,2100076521530131773,121.426214,39.198883,PICKUP,1583492807
120561993,0,2100076448375866596,121.530622,39.269423,PICKUP,1583459707
120625801,0,2100076456064452558,121.630698,39.134934,PICKUP,1583465110
120728913,2,2100076511372346532,121.958804,39.592261,PICKUP,1583489093
121123553,0,2100076414508009400,121.484037,39.054219,PICKUP,1583465084
121187857,2,2100076489914779349,121.503284,39.198407,PICKUP,1583474707
121187857,4,2100076506900039381,121.503231,39.198216,PICKUP,1583486365
121572297,4,2100076533712586213,121.745101,39.11011,PICKUP,1583498108
121628049,0,2100076460346082698,121.582564,39.109374,DELIVERY,1583465328
121629529,2,2100076494916289976,121.575964,39.106625,DELIVERY,1583478787
121657113,0,2100076451735504231,121.476131,39.068155,PICKUP,1583461664
121657113,2,2100076479769838609,121.478141,39.049411,PICKUP,1583470037
121658489,2,2100076519007388766,121.547546,39.207733,PICKUP,1583490942
121778417,4,2100076524942264288,121.457112,39.301721,PICKUP,1583493183
121788009,0,2100076447218173698,121.531296,39.063836,PICKUP,1583457103
121908329,0,2100076469000897741,121.489656,39.064531,PICKUP,1583467056
121955505,0,2100076474326451231,121.422966,39.17472,PICKUP,1583468371
121970409,2,2100076473061869522,121.435953,39.171423,PICKUP,1583467853
122060865,0,2100076474241615775,121.66048,39.170288,PICKUP,1583469000
122060865,2,2100076489450260018,121.669472,39.171213,PICKUP,1583476013
122079457,0,2100076470302541241,121.368122,39.10741,PICKUP,1583466416
122081305,2,2100076487136773774,121.655768,39.252844,PICKUP,1583474717
122081305,4,2100076528570205942,121.655659,39.252802,PICKUP,1583495925
122093097,2,2100076460970772385,121.552262,39.159147,PICKUP,1583465482
122153417,0,2100076438098511011,121.448864,39.175241,PICKUP,1583467130
122153417,4,2100076523896407185,121.469101,39.158271,DELIVERY,1583492631
122161113,0,2100076476095432118,121.495654,39.063358,PICKUP,1583469048
122220553,2,2100076478051583899,121.591332,39.135102,PICKUP,1583468431
122244937,0,2100076465728587273,121.548606,39.144722,PICKUP,1583466139
122605561,0,2100076459807868863,121.571471,39.174092,PICKUP,1583465624
122726849,0,2100076466336106420,121.552114,39.083878,PICKUP,1583466836
122775745,0,2100076477015361244,121.942758,39.596319,PICKUP,1583470415
122881657,0,2100076493226477459,121.713001,39.145334,PICKUP,1583477016
122904977,0,2100076470773974088,121.633092,39.134716,PICKUP,1583466977
122904977,2,2100076505612420684,121.628184,39.13432,PICKUP,1583485860
122904977,4,2100076534237136500,121.6467,39.126142,PICKUP,1583502188
122942881,0,2100076455011485260,121.630695,39.139499,PICKUP,1583462751
122942881,2,2100076480308152250,121.632798,39.149206,PICKUP,1583469935
123307425,0,2100076447019369533,121.645445,39.035999,PICKUP,1583457565
123307425,2,2100076494261257542,121.661692,39.037453,PICKUP,1583479364
123314609,2,2100076496760473529,121.378421,39.244762,PICKUP,1583480501
123314609,4,2100076512106972354,121.368965,39.270742,DELIVERY,1583488333
123321857,2,2100076520234190812,121.455772,39.115624,PICKUP,1583491807
123384985,0,2100076463962719257,121.487127,39.242465,PICKUP,1583466456
123397273,0,2100076461954892859,121.634176,39.141356,PICKUP,1583466083
123459073,0,2100076468933494019,121.574741,39.141157,PICKUP,1583466688
123497569,0,2100076456606861084,121.436038,39.183243,PICKUP,1583464534
123510313,0,2100076460949898513,121.746334,39.532336,PICKUP,1583465079
123563353,4,2100076508160624635,121.446116,39.258279,PICKUP,1583486008
123679329,0,2100076479530633162,121.569901,39.151716,PICKUP,1583469828
123679329,2,2100076488783922879,121.56863,39.149562,DELIVERY,1583475950
123763529,0,2100076461825590897,121.560179,39.176436,PICKUP,1583466205
123948441,0,2100076448088819679,121.554601,39.051549,PICKUP,1583458674
124001625,0,2100076448241223240,121.526515,39.261466,PICKUP,1583457327
124001625,2,2100076454039914113,121.530878,39.255688,PICKUP,1583464428
124001625,6,2100076511238031225,121.525319,39.263216,PICKUP,1583488184
124018041,0,2100076446420403840,121.597865,39.134459,PICKUP,1583461773
124267545,0,2100076453135222747,121.499513,39.061259,DELIVERY,1583462851
124274137,0,2100076457398306325,121.552283,39.172629,PICKUP,1583464827
124612641,0,2100076459954931657,121.570969,39.134931,DELIVERY,1583465430
124612641,2,2100076490036872769,121.571009,39.135093,PICKUP,1583475476
124612641,4,2100076511568234481,121.570996,39.135151,PICKUP,1583489250
124682649,0,2100076455846381197,121.534693,39.250676,PICKUP,1583464730
124686817,0,2100076472261281490,121.548819,39.158794,DELIVERY,1583469963
124686817,2,2100076495181415806,121.573959,39.147984,PICKUP,1583480401
124686817,4,2100076510654727837,121.571022,39.176494,PICKUP,1583487641
124753497,0,2100076464072558491,121.416701,39.259494,PICKUP,1583466059
124928417,0,2100076447656904377,121.537202,39.084231,PICKUP,1583462128
124928417,2,2100076506757793518,121.519509,39.078074,PICKUP,1583487636
124973465,0,2100076467132598006,121.6557,39.252794,PICKUP,1583466640
124981409,0,2100076476474066622,121.527794,39.277019,PICKUP,1583468233
125102361,0,2100076520910489501,121.680768,39.014074,PICKUP,1583493927
125119169,0,2100076450699708254,121.491401,39.118681,PICKUP,1583462687
125552498,0,2100076470239036870,121.620714,39.134894,DELIVERY,1583466990
125775258,0,2100076462163526943,121.467019,39.167476,PICKUP,1583466202
